0.0 0.0 3.38836065004e+21 0.0 1 1 0
8.26008751617 0.0 3.38836065004e+21 0.0 1 1 0
16.5201750323 0.0 3.38836065004e+21 0.0 1 1 0
24.7802625485 0.0 3.38836065004e+21 0.0 1 1 0
33.0403500647 0.0 3.38836065004e+21 0.0 1 1 0
41.3004375808 0.0 3.38836065004e+21 0.0 1 1 0
49.560525097 0.0 3.38836065004e+21 0.0 1 1 0
57.8206126132 0.0 3.38836065004e+21 0.0 1 1 0
66.0807001293 0.0 3.38836065004e+21 0.0 1 1 0
74.3407876455 1.45111805141e+20 3.23599325464e+21 0.0 1 1 0
82.6008751617 5.07891317993e+20 2.85144697102e+21 0.0 1 1 0
90.8609626779 7.83603747761e+20 2.5176898192e+21 0.0 1 1 0
99.121050194 8.27137289304e+20 2.42336714585e+21 0.0 1 1 0
107.38113771 9.43226733416e+20 2.27099975046e+21 0.0 1 1 0
115.641225226 1.03754940676e+21 2.13314353557e+21 0.0 1 1 0
123.901312743 1.2842394755e+21 1.82840874478e+21 0.0 1 1 0
132.161400259 1.49465159295e+21 1.4873960027e+21 0.0 1 1 0
140.421487775 1.66153016886e+21 1.26247270473e+21 0.0 1 1 0
148.681575291 1.72683048118e+21 1.15363885087e+21 0.0 1 1 0
156.941662807 1.80664197401e+21 1.00127145547e+21 0.0 1 1 0
165.201750323 1.90096464735e+21 8.34392879561e+20 0.0 1 1 0
173.46183784 1.98077614017e+21 6.96536664677e+20 0.0 1 1 0
181.721925356 2.02430968172e+21 6.23980762106e+20 0.0 1 1 0
189.982012872 2.08235440377e+21 5.15146908251e+20 0.0 1 1 0
198.242100388 2.13314353557e+21 4.78868956965e+20 0.0 1 1 0
206.502187904 2.14039912583e+21 4.49846595937e+20 0.0 1 1 0
214.76227542 2.18393266737e+21 3.77290693367e+20 0.0 1 1 0
223.022362937 2.18393266737e+21 3.55523922595e+20 0.0 1 1 0
231.282450453 2.16942148686e+21 3.55523922595e+20 0.0 1 1 0
239.542537969 2.18393266737e+21 3.26501561567e+20 0.0 1 1 0
247.802625485 2.22021061866e+21 3.04734790796e+20 0.0 1 1 0
256.062713001 2.20569943814e+21 2.97479200539e+20 0.0 1 1 0
264.322800517 2.19844384789e+21 2.68456839511e+20 0.0 1 1 0
272.582888034 2.19844384789e+21 2.4669006874e+20 0.0 1 1 0
280.84297555 2.18393266737e+21 2.39434478483e+20 0.0 1 1 0
289.103063066 2.20569943814e+21 2.17667707711e+20 0.0 1 1 0
297.363150582 2.2129550284e+21 2.10412117454e+20 0.0 1 1 0
305.623238098 2.2129550284e+21 2.03156527197e+20 0.0 1 1 0
313.883325614 2.20569943814e+21 2.03156527197e+20 0.0 1 1 0
322.143413131 2.24197738943e+21 1.9590093694e+20 0.0 1 1 0
330.403500647 2.25648856994e+21 1.88645346683e+20 0.0 1 1 0
338.663588163 2.27099975046e+21 1.74134166169e+20 0.0 1 1 0
346.923675679 2.27099975046e+21 1.74134166169e+20 0.0 1 1 0
355.183763195 2.27099975046e+21 1.74134166169e+20 0.0 1 1 0
363.443850711 2.25648856994e+21 1.66878575912e+20 0.0 1 1 0
371.703938227 2.27825534071e+21 1.66878575912e+20 0.0 1 1 0
379.964025743 2.27825534071e+21 1.59622985655e+20 0.0 1 1 0
388.22411326 2.2637441602e+21 1.59622985655e+20 0.0 1 1 0
396.484200776 2.25648856994e+21 1.59622985655e+20 0.0 1 1 0
404.744288292 2.25648856994e+21 1.59622985655e+20 0.0 1 1 0
413.004375808 2.24197738943e+21 1.59622985655e+20 0.0 1 1 0
421.264463324 2.22746620891e+21 1.52367395398e+20 0.0 1 1 0
429.52455084 2.20569943814e+21 1.52367395398e+20 0.0 1 1 0
437.784638356 2.20569943814e+21 1.52367395398e+20 0.0 1 1 0
446.044725873 2.19118825763e+21 1.52367395398e+20 0.0 1 1 0
454.304813389 2.19118825763e+21 1.52367395398e+20 0.0 1 1 0
462.564900905 2.17667707711e+21 1.45111805141e+20 0.0 1 1 0
470.824988421 2.14039912583e+21 1.45111805141e+20 0.0 1 1 0
479.085075937 2.12588794532e+21 1.45111805141e+20 0.0 1 1 0
487.345163453 2.11863235506e+21 1.45111805141e+20 0.0 1 1 0
495.605250969 2.10412117454e+21 1.45111805141e+20 0.0 1 1 0
503.865338486 2.08235440377e+21 1.45111805141e+20 0.0 1 1 0
512.125426002 2.08960999403e+21 1.45111805141e+20 0.0 1 1 0
520.385513518 2.06784322326e+21 1.45111805141e+20 0.0 1 1 0
528.645601034 2.04607645249e+21 1.45111805141e+20 0.0 1 1 0
536.90568855 2.01705409146e+21 1.45111805141e+20 0.0 1 1 0
545.165776066 2.00254291095e+21 1.45111805141e+20 0.0 1 1 0
553.425863582 2.00254291095e+21 1.45111805141e+20 0.0 1 1 0
561.685951098 1.99528732069e+21 1.45111805141e+20 0.0 1 1 0
569.946038615 1.98803173043e+21 1.45111805141e+20 0.0 1 1 0
578.206126131 1.94449818889e+21 1.45111805141e+20 0.0 1 1 0
586.466213647 1.94449818889e+21 1.45111805141e+20 0.0 1 1 0
594.726301163 1.92273141812e+21 1.45111805141e+20 0.0 1 1 0
602.986388679 1.9082202376e+21 1.45111805141e+20 0.0 1 1 0
611.246476195 1.90096464735e+21 1.45111805141e+20 0.0 1 1 0
619.506563711 1.87919787658e+21 1.45111805141e+20 0.0 1 1 0
627.766651228 1.87194228632e+21 1.45111805141e+20 0.0 1 1 0
636.026738744 1.87194228632e+21 1.45111805141e+20 0.0 1 1 0
644.28682626 1.85017551555e+21 1.45111805141e+20 0.0 1 1 0
652.546913776 1.82840874478e+21 1.45111805141e+20 0.0 1 1 0
660.807001292 1.79938638375e+21 1.45111805141e+20 0.0 1 1 0
669.067088809 1.78487520323e+21 1.45111805141e+20 0.0 1 1 0
677.327176325 1.74859725195e+21 1.45111805141e+20 0.0 1 1 0
685.587263841 1.75585284221e+21 1.45111805141e+20 0.0 1 1 0
693.847351357 1.74859725195e+21 1.45111805141e+20 0.0 1 1 0
702.107438874 1.77036402272e+21 1.45111805141e+20 0.0 1 1 0
710.36752639 1.75585284221e+21 1.45111805141e+20 0.0 1 1 0
718.627613906 1.75585284221e+21 1.45111805141e+20 0.0 1 1 0
726.887701422 1.73408607143e+21 1.45111805141e+20 0.0 1 1 0
735.147788938 1.68329693964e+21 1.45111805141e+20 0.0 1 1 0
743.407876455 1.66153016886e+21 1.45111805141e+20 0.0 1 1 0
751.667963971 1.63976339809e+21 1.45111805141e+20 0.0 1 1 0
759.928051487 1.63250780784e+21 1.45111805141e+20 0.0 1 1 0
768.188139003 1.61799662732e+21 1.45111805141e+20 0.0 1 1 0
776.448226519 1.61799662732e+21 1.45111805141e+20 0.0 1 1 0
784.708314036 1.61799662732e+21 1.45111805141e+20 0.0 1 1 0
792.968401552 1.61074103707e+21 1.45111805141e+20 0.0 1 1 0
801.228489068 1.60348544681e+21 1.45111805141e+20 0.0 1 1 0
809.488576584 1.58897426629e+21 1.45111805141e+20 0.0 1 1 0
817.7486641 1.58171867604e+21 1.45111805141e+20 0.0 1 1 0
826.008751617 1.58897426629e+21 1.45111805141e+20 0.0 1 1 0
834.268839133 1.55995190527e+21 1.45111805141e+20 0.0 1 1 0
842.528926649 1.55995190527e+21 1.45111805141e+20 0.0 1 1 0
850.789014165 1.56720749552e+21 1.45111805141e+20 0.0 1 1 0
859.049101681 1.55269631501e+21 1.45111805141e+20 0.0 1 1 0
867.309189198 1.53818513449e+21 1.45111805141e+20 0.0 1 1 0
875.569276714 1.51641836372e+21 1.45111805141e+20 0.0 1 1 0
883.82936423 1.49465159295e+21 1.45111805141e+20 0.0 1 1 0
892.089451746 1.49465159295e+21 1.45111805141e+20 0.0 1 1 0
900.349539262 1.47288482218e+21 1.45111805141e+20 0.0 1 1 0
908.609626779 1.48014041244e+21 1.45111805141e+20 0.0 1 1 0
916.869714295 1.45111805141e+21 1.45111805141e+20 0.0 1 1 0
925.129801811 1.45111805141e+21 1.45111805141e+20 0.0 1 1 0
933.389889327 1.4366068709e+21 1.45111805141e+20 0.0 1 1 0
941.649976843 1.44386246115e+21 1.45111805141e+20 0.0 1 1 0
949.91006436 1.40032891961e+21 1.45111805141e+20 0.0 1 1 0
958.170151876 1.3858177391e+21 1.45111805141e+20 0.0 1 1 0
966.430239392 1.40032891961e+21 1.45111805141e+20 0.0 1 1 0
974.690326908 1.3858177391e+21 1.45111805141e+20 0.0 1 1 0
982.950414424 1.3858177391e+21 1.45111805141e+20 0.0 1 1 0
991.210501941 1.35679537807e+21 1.45111805141e+20 0.0 1 1 0
999.470589457 1.37856214884e+21 1.45111805141e+20 0.0 1 1 0
1007.73067697 1.37856214884e+21 1.45111805141e+20 0.0 1 1 0
1015.99076449 1.35679537807e+21 1.45111805141e+20 0.0 1 1 0
1024.25085201 1.36405096833e+21 1.45111805141e+20 0.0 1 1 0
1032.51093952 1.36405096833e+21 1.45111805141e+20 0.0 1 1 0
1040.77102704 1.36405096833e+21 1.45111805141e+20 0.0 1 1 0
1049.03111455 1.3350286073e+21 1.45111805141e+20 0.0 1 1 0
1057.29120207 1.32051742678e+21 1.45111805141e+20 0.0 1 1 0
1065.55128959 1.31326183653e+21 1.45111805141e+20 0.0 1 1 0
1073.8113771 1.29875065601e+21 1.45111805141e+20 0.0 1 1 0
1082.07146462 1.27698388524e+21 1.45111805141e+20 0.0 1 1 0
1090.33155214 1.29149506575e+21 1.45111805141e+20 0.0 1 1 0
1098.59163965 1.29149506575e+21 1.45111805141e+20 0.0 1 1 0
1106.85172717 1.29149506575e+21 1.45111805141e+20 0.0 1 1 0
1115.11181468 1.29149506575e+21 1.45111805141e+20 0.0 1 1 0
1123.3719022 1.26972829498e+21 1.45111805141e+20 0.0 1 1 0
1131.63198972 1.24796152421e+21 1.45111805141e+20 0.0 1 1 0
1139.89207723 1.24796152421e+21 1.45111805141e+20 0.0 1 1 0
1148.15216475 1.24796152421e+21 1.45111805141e+20 0.0 1 1 0
1156.41225226 1.24070593396e+21 1.45111805141e+20 0.0 1 1 0
1164.67233978 1.2334503437e+21 1.45111805141e+20 0.0 1 1 0
1172.9324273 1.24070593396e+21 1.45111805141e+20 0.0 1 1 0
1181.19251481 1.2334503437e+21 1.45111805141e+20 0.0 1 1 0
1189.45260233 1.2334503437e+21 1.45111805141e+20 0.0 1 1 0
1197.71268985 1.21893916318e+21 1.45111805141e+20 0.0 1 1 0
1205.97277736 1.21168357293e+21 1.45111805141e+20 0.0 1 1 0
1214.23286488 1.21168357293e+21 1.45111805141e+20 0.0 1 1 0
1222.49295239 1.21168357293e+21 1.45111805141e+20 0.0 1 1 0
1230.75303991 1.19717239241e+21 1.45111805141e+20 0.0 1 1 0
1239.01312743 1.19717239241e+21 1.45111805141e+20 0.0 1 1 0
1247.27321494 1.17540562164e+21 1.45111805141e+20 0.0 1 1 0
1255.53330246 1.18991680216e+21 1.45111805141e+20 0.0 1 1 0
1263.79338997 1.16815003138e+21 1.45111805141e+20 0.0 1 1 0
1272.05347749 1.16089444113e+21 1.45111805141e+20 0.0 1 1 0
1280.31356501 1.14638326061e+21 1.45111805141e+20 0.0 1 1 0
1288.57365252 1.14638326061e+21 1.45111805141e+20 0.0 1 1 0
1296.83374004 1.12461648984e+21 1.45111805141e+20 0.0 1 1 0
1305.09382756 1.11736089959e+21 1.45111805141e+20 0.0 1 1 0
1313.35391507 1.11010530933e+21 1.45111805141e+20 0.0 1 1 0
1321.61400259 1.11736089959e+21 1.45111805141e+20 0.0 1 1 0
1329.8740901 1.10284971907e+21 1.45111805141e+20 0.0 1 1 0
1338.13417762 1.08833853856e+21 1.45111805141e+20 0.0 1 1 0
1346.39426514 1.0810829483e+21 1.45111805141e+20 0.0 1 1 0
1354.65435265 1.04480499702e+21 1.45111805141e+20 0.0 1 1 0
1362.91444017 1.03754940676e+21 1.45111805141e+20 0.0 1 1 0
1371.17452768 1.0302938165e+21 1.45111805141e+20 0.0 1 1 0
1379.4346152 1.01578263599e+21 1.45111805141e+20 0.0 1 1 0
1387.69470272 1.03754940676e+21 1.45111805141e+20 0.0 1 1 0
1395.95479023 1.0302938165e+21 1.45111805141e+20 0.0 1 1 0
1404.21487775 1.0302938165e+21 1.45111805141e+20 0.0 1 1 0
1412.47496526 1.02303822624e+21 1.45111805141e+20 0.0 1 1 0
1420.73505278 1.01578263599e+21 1.45111805141e+20 0.0 1 1 0
1428.9951403 1.01578263599e+21 1.45111805141e+20 0.0 1 1 0
1437.25522781 1.02303822624e+21 1.45111805141e+20 0.0 1 1 0
1445.51531533 1.02303822624e+21 1.45111805141e+20 0.0 1 1 0
1453.77540284 1.03754940676e+21 1.45111805141e+20 0.0 1 1 0
1462.03549036 1.03754940676e+21 1.45111805141e+20 0.0 1 1 0
1470.29557788 1.0302938165e+21 1.45111805141e+20 0.0 1 1 0
1478.55566539 1.01578263599e+21 1.45111805141e+20 0.0 1 1 0
1486.81575291 9.94015865216e+20 1.45111805141e+20 0.0 1 1 0
1495.07584042 9.86760274959e+20 1.45111805141e+20 0.0 1 1 0
1503.33592794 9.79504684702e+20 1.45111805141e+20 0.0 1 1 0
1511.59601546 9.72249094445e+20 1.45111805141e+20 0.0 1 1 0
1519.85610297 9.72249094445e+20 1.45111805141e+20 0.0 1 1 0
1528.11619049 9.57737913931e+20 1.45111805141e+20 0.0 1 1 0
1536.376278 9.43226733416e+20 1.45111805141e+20 0.0 1 1 0
1544.63636552 9.50482323673e+20 1.45111805141e+20 0.0 1 1 0
1552.89645304 9.43226733416e+20 1.45111805141e+20 0.0 1 1 0
1561.15654055 9.43226733416e+20 1.45111805141e+20 0.0 1 1 0
1569.41662807 9.43226733416e+20 1.45111805141e+20 0.0 1 1 0
1577.67671559 9.28715552902e+20 1.45111805141e+20 0.0 1 1 0
1585.9368031 9.28715552902e+20 1.45111805141e+20 0.0 1 1 0
1594.19689062 9.21459962645e+20 1.45111805141e+20 0.0 1 1 0
1602.45697813 9.06948782131e+20 1.45111805141e+20 0.0 1 1 0
1610.71706565 9.06948782131e+20 1.45111805141e+20 0.0 1 1 0
1618.97715317 8.99693191874e+20 1.45111805141e+20 0.0 1 1 0
1627.23724068 8.99693191874e+20 1.45111805141e+20 0.0 1 1 0
1635.4973282 8.99693191874e+20 1.45111805141e+20 0.0 1 1 0
1643.75741571 8.92437601617e+20 1.45111805141e+20 0.0 1 1 0
1652.01750323 8.92437601617e+20 1.45111805141e+20 0.0 1 1 0
1660.27759075 8.99693191874e+20 1.45111805141e+20 0.0 1 1 0
1668.53767826 8.99693191874e+20 1.45111805141e+20 0.0 1 1 0
1676.79776578 8.99693191874e+20 1.45111805141e+20 0.0 1 1 0
1685.05785329 8.99693191874e+20 1.45111805141e+20 0.0 1 1 0
1693.31794081 8.92437601617e+20 1.45111805141e+20 0.0 1 1 0
1701.57802833 8.92437601617e+20 1.45111805141e+20 0.0 1 1 0
1709.83811584 8.63415240589e+20 1.45111805141e+20 0.0 1 1 0
1718.09820336 8.63415240589e+20 1.45111805141e+20 0.0 1 1 0
1726.35829087 8.8518201136e+20 1.45111805141e+20 0.0 1 1 0
1734.61837839 8.92437601617e+20 1.45111805141e+20 0.0 1 1 0
1742.87846591 8.8518201136e+20 1.45111805141e+20 0.0 1 1 0
1751.13855342 8.8518201136e+20 1.45111805141e+20 0.0 1 1 0
1759.39864094 8.92437601617e+20 1.45111805141e+20 0.0 1 1 0
1767.65872845 8.63415240589e+20 1.45111805141e+20 0.0 1 1 0
1775.91881597 8.63415240589e+20 1.45111805141e+20 0.0 1 1 0
1784.17890349 8.56159650332e+20 1.45111805141e+20 0.0 1 1 0
1792.438991 8.63415240589e+20 1.45111805141e+20 0.0 1 1 0
1800.69907852 8.70670830846e+20 1.45111805141e+20 0.0 1 1 0
1808.95916604 8.63415240589e+20 1.45111805141e+20 0.0 1 1 0
1817.21925355 8.70670830846e+20 1.45111805141e+20 0.0 1 1 0
1825.47934107 8.63415240589e+20 1.45111805141e+20 0.0 1 1 0
1833.73942858 8.63415240589e+20 1.45111805141e+20 0.0 1 1 0
1841.9995161 8.56159650332e+20 1.45111805141e+20 0.0 1 1 0
1850.25960362 8.34392879561e+20 1.45111805141e+20 0.0 1 1 0
1858.51969113 8.27137289304e+20 1.45111805141e+20 0.0 1 1 0
1866.77977865 8.19881699047e+20 1.45111805141e+20 0.0 1 1 0
1875.03986616 8.41648469818e+20 1.45111805141e+20 0.0 1 1 0
1883.29995368 8.41648469818e+20 1.45111805141e+20 0.0 1 1 0
1891.5600412 8.41648469818e+20 1.45111805141e+20 0.0 1 1 0
1899.82012871 8.41648469818e+20 1.45111805141e+20 0.0 1 1 0
1908.08021623 8.34392879561e+20 1.45111805141e+20 0.0 1 1 0
1916.34030374 8.27137289304e+20 1.45111805141e+20 0.0 1 1 0
1924.60039126 8.19881699047e+20 1.45111805141e+20 0.0 1 1 0
1932.86047878 8.05370518533e+20 1.45111805141e+20 0.0 1 1 0
1941.12056629 8.05370518533e+20 1.45111805141e+20 0.0 1 1 0
1949.38065381 8.05370518533e+20 1.45111805141e+20 0.0 1 1 0
1957.64074132 8.05370518533e+20 1.45111805141e+20 0.0 1 1 0
1965.90082884 8.05370518533e+20 1.45111805141e+20 0.0 1 1 0
1974.16091636 8.05370518533e+20 1.45111805141e+20 0.0 1 1 0
1982.42100387 7.98114928275e+20 1.45111805141e+20 0.0 1 1 0
1990.68109139 7.90859338018e+20 1.45111805141e+20 0.0 1 1 0
1998.9411789 7.83603747761e+20 1.45111805141e+20 0.0 1 1 0
2007.20126642 7.6183697699e+20 1.45111805141e+20 0.0 1 1 0
2015.46135394 7.54581386733e+20 1.45111805141e+20 0.0 1 1 0
2023.72144145 7.54581386733e+20 1.45111805141e+20 0.0 1 1 0
2031.98152897 7.6183697699e+20 1.45111805141e+20 0.0 1 1 0
2040.24161649 7.54581386733e+20 1.45111805141e+20 0.0 1 1 0
2048.501704 7.54581386733e+20 1.45111805141e+20 0.0 1 1 0
2056.76179152 7.54581386733e+20 1.45111805141e+20 0.0 1 1 0
2065.02187903 7.69092567247e+20 1.45111805141e+20 0.0 1 1 0
2073.28196655 7.69092567247e+20 1.45111805141e+20 0.0 1 1 0
2081.54205407 7.6183697699e+20 1.45111805141e+20 0.0 1 1 0
2089.80214158 7.6183697699e+20 1.45111805141e+20 0.0 1 1 0
2098.0622291 7.6183697699e+20 1.45111805141e+20 0.0 1 1 0
2106.32231661 7.69092567247e+20 1.45111805141e+20 0.0 1 1 0
2114.58240413 7.76348157504e+20 1.45111805141e+20 0.0 1 1 0
2122.84249165 7.76348157504e+20 1.45111805141e+20 0.0 1 1 0
2131.10257916 7.69092567247e+20 1.45111805141e+20 0.0 1 1 0
2139.36266668 7.6183697699e+20 1.45111805141e+20 0.0 1 1 0
2147.62275419 7.47325796476e+20 1.45111805141e+20 0.0 1 1 0
2155.88284171 7.47325796476e+20 1.45111805141e+20 0.0 1 1 0
2164.14292923 7.47325796476e+20 1.45111805141e+20 0.0 1 1 0
2172.40301674 7.54581386733e+20 1.45111805141e+20 0.0 1 1 0
2180.66310426 7.54581386733e+20 1.45111805141e+20 0.0 1 1 0
2188.92319177 7.47325796476e+20 1.45111805141e+20 0.0 1 1 0
2197.18327929 7.40070206219e+20 1.45111805141e+20 0.0 1 1 0
2205.44336681 7.47325796476e+20 1.45111805141e+20 0.0 1 1 0
2213.70345432 7.32814615962e+20 1.45111805141e+20 0.0 1 1 0
2221.96354184 7.32814615962e+20 1.45111805141e+20 0.0 1 1 0
2230.22362935 7.25559025705e+20 1.45111805141e+20 0.0 1 1 0
2238.48371687 6.96536664677e+20 1.45111805141e+20 0.0 1 1 0
2246.74380439 6.96536664677e+20 1.45111805141e+20 0.0 1 1 0
2255.0038919 6.82025484163e+20 1.45111805141e+20 0.0 1 1 0
2263.26397942 6.82025484163e+20 1.45111805141e+20 0.0 1 1 0
2271.52406693 6.82025484163e+20 1.45111805141e+20 0.0 1 1 0
2279.78415445 6.74769893906e+20 1.45111805141e+20 0.0 1 1 0
2288.04424197 6.82025484163e+20 1.45111805141e+20 0.0 1 1 0
2296.30432948 6.8928107442e+20 1.45111805141e+20 0.0 1 1 0
2304.564417 6.82025484163e+20 1.45111805141e+20 0.0 1 1 0
2312.82450452 6.82025484163e+20 1.45111805141e+20 0.0 1 1 0
2321.08459203 6.74769893906e+20 1.45111805141e+20 0.0 1 1 0
2329.34467955 6.67514303649e+20 1.45111805141e+20 0.0 1 1 0
2337.60476706 6.60258713392e+20 1.45111805141e+20 0.0 1 1 0
2345.86485458 6.60258713392e+20 1.45111805141e+20 0.0 1 1 0
2354.1249421 6.53003123134e+20 1.45111805141e+20 0.0 1 1 0
2362.38502961 6.45747532877e+20 1.45111805141e+20 0.0 1 1 0
2370.64511713 6.45747532877e+20 1.45111805141e+20 0.0 1 1 0
2378.90520464 6.45747532877e+20 1.45111805141e+20 0.0 1 1 0
2387.16529216 6.45747532877e+20 1.45111805141e+20 0.0 1 1 0
2395.42537968 6.16725171849e+20 1.45111805141e+20 0.0 1 1 0
2403.68546719 6.16725171849e+20 1.45111805141e+20 0.0 1 1 0
2411.94555471 6.09469581592e+20 1.45111805141e+20 0.0 1 1 0
2420.20564222 6.09469581592e+20 1.45111805141e+20 0.0 1 1 0
2428.46572974 6.09469581592e+20 1.45111805141e+20 0.0 1 1 0
2436.72581726 6.16725171849e+20 1.45111805141e+20 0.0 1 1 0
2444.98590477 6.31236352363e+20 1.45111805141e+20 0.0 1 1 0
2453.24599229 6.3849194262e+20 1.45111805141e+20 0.0 1 1 0
2461.5060798 6.45747532877e+20 1.45111805141e+20 0.0 1 1 0
2469.76616732 6.53003123134e+20 1.45111805141e+20 0.0 1 1 0
2478.02625484 6.45747532877e+20 1.45111805141e+20 0.0 1 1 0
2486.28634235 6.53003123134e+20 1.45111805141e+20 0.0 1 1 0
2494.54642987 6.53003123134e+20 1.45111805141e+20 0.0 1 1 0
2502.80651738 6.53003123134e+20 1.45111805141e+20 0.0 1 1 0
2511.0666049 6.53003123134e+20 1.45111805141e+20 0.0 1 1 0
2519.32669242 6.53003123134e+20 1.45111805141e+20 0.0 1 1 0
2527.58677993 6.45747532877e+20 1.45111805141e+20 0.0 1 1 0
2535.84686745 6.53003123134e+20 1.45111805141e+20 0.0 1 1 0
2544.10695497 6.3849194262e+20 1.45111805141e+20 0.0 1 1 0
2552.36704248 6.45747532877e+20 1.45111805141e+20 0.0 1 1 0
2560.62713 6.45747532877e+20 1.45111805141e+20 0.0 1 1 0
2568.88721751 6.45747532877e+20 1.45111805141e+20 0.0 1 1 0
2577.14730503 6.45747532877e+20 1.45111805141e+20 0.0 1 1 0
2585.40739255 6.45747532877e+20 1.45111805141e+20 0.0 1 1 0
2593.66748006 6.45747532877e+20 1.45111805141e+20 0.0 1 1 0
2601.92756758 6.45747532877e+20 1.45111805141e+20 0.0 1 1 0
2610.18765509 6.31236352363e+20 1.45111805141e+20 0.0 1 1 0
2618.44774261 6.16725171849e+20 1.45111805141e+20 0.0 1 1 0
2626.70783013 6.16725171849e+20 1.45111805141e+20 0.0 1 1 0
2634.96791764 6.09469581592e+20 1.45111805141e+20 0.0 1 1 0
2643.22800516 6.09469581592e+20 1.45111805141e+20 0.0 1 1 0
2651.48809267 6.09469581592e+20 1.45111805141e+20 0.0 1 1 0
2659.74818019 6.09469581592e+20 1.45111805141e+20 0.0 1 1 0
2668.00826771 6.02213991335e+20 1.45111805141e+20 0.0 1 1 0
2676.26835522 6.09469581592e+20 1.45111805141e+20 0.0 1 1 0
2684.52844274 6.02213991335e+20 1.45111805141e+20 0.0 1 1 0
2692.78853025 6.02213991335e+20 1.45111805141e+20 0.0 1 1 0
2701.04861777 6.02213991335e+20 1.45111805141e+20 0.0 1 1 0
2709.30870529 6.02213991335e+20 1.45111805141e+20 0.0 1 1 0
2717.5687928 6.09469581592e+20 1.45111805141e+20 0.0 1 1 0
2725.82888032 6.02213991335e+20 1.45111805141e+20 0.0 1 1 0
2734.08896783 5.94958401078e+20 1.45111805141e+20 0.0 1 1 0
2742.34905535 5.94958401078e+20 1.45111805141e+20 0.0 1 1 0
2750.60914287 5.94958401078e+20 1.45111805141e+20 0.0 1 1 0
2758.86923038 5.94958401078e+20 1.45111805141e+20 0.0 1 1 0
2767.1293179 5.94958401078e+20 1.45111805141e+20 0.0 1 1 0
2775.38940542 5.94958401078e+20 1.45111805141e+20 0.0 1 1 0
2783.64949293 5.94958401078e+20 1.45111805141e+20 0.0 1 1 0
2791.90958045 6.02213991335e+20 1.45111805141e+20 0.0 1 1 0
2800.16966796 6.09469581592e+20 1.45111805141e+20 0.0 1 1 0
2808.42975548 6.16725171849e+20 1.45111805141e+20 0.0 1 1 0
2816.689843 6.02213991335e+20 1.45111805141e+20 0.0 1 1 0
2824.94993051 6.02213991335e+20 1.45111805141e+20 0.0 1 1 0
2833.21001803 5.94958401078e+20 1.45111805141e+20 0.0 1 1 0
2841.47010554 5.87702810821e+20 1.45111805141e+20 0.0 1 1 0
2849.73019306 5.94958401078e+20 1.45111805141e+20 0.0 1 1 0
2857.99028058 5.94958401078e+20 1.45111805141e+20 0.0 1 1 0
2866.25036809 5.87702810821e+20 1.45111805141e+20 0.0 1 1 0
2874.51045561 5.80447220564e+20 1.45111805141e+20 0.0 1 1 0
2882.77054312 5.80447220564e+20 1.45111805141e+20 0.0 1 1 0
2891.03063064 5.80447220564e+20 1.45111805141e+20 0.0 1 1 0
2899.29071816 5.80447220564e+20 1.45111805141e+20 0.0 1 1 0
2907.55080567 5.80447220564e+20 1.45111805141e+20 0.0 1 1 0
2915.81089319 5.6593604005e+20 1.45111805141e+20 0.0 1 1 0
2924.0709807 5.58680449793e+20 1.45111805141e+20 0.0 1 1 0
2932.33106822 5.51424859536e+20 1.45111805141e+20 0.0 1 1 0
2940.59115574 5.44169269279e+20 1.45111805141e+20 0.0 1 1 0
2948.85124325 5.44169269279e+20 1.45111805141e+20 0.0 1 1 0
2957.11133077 5.44169269279e+20 1.45111805141e+20 0.0 1 1 0
2965.37141828 5.44169269279e+20 1.45111805141e+20 0.0 1 1 0
2973.6315058 5.44169269279e+20 1.45111805141e+20 0.0 1 1 0
2981.89159332 5.44169269279e+20 1.45111805141e+20 0.0 1 1 0
2990.15168083 5.44169269279e+20 1.45111805141e+20 0.0 1 1 0
2998.41176835 5.44169269279e+20 1.45111805141e+20 0.0 1 1 0
3006.67185586 5.44169269279e+20 1.45111805141e+20 0.0 1 1 0
3014.93194338 5.36913679022e+20 1.45111805141e+20 0.0 1 1 0
3023.1920309 5.29658088765e+20 1.45111805141e+20 0.0 1 1 0
3031.45211841 5.29658088765e+20 1.45111805141e+20 0.0 1 1 0
3039.71220593 5.29658088765e+20 1.45111805141e+20 0.0 1 1 0
3047.97229345 5.22402498508e+20 1.45111805141e+20 0.0 1 1 0
3056.23238096 5.22402498508e+20 1.45111805141e+20 0.0 1 1 0
3064.49246848 5.15146908251e+20 1.45111805141e+20 0.0 1 1 0
3072.75255599 5.22402498508e+20 1.45111805141e+20 0.0 1 1 0
3081.01264351 5.22402498508e+20 1.45111805141e+20 0.0 1 1 0
3089.27273103 5.22402498508e+20 1.45111805141e+20 0.0 1 1 0
3097.53281854 5.15146908251e+20 1.45111805141e+20 0.0 1 1 0
3105.79290606 5.15146908251e+20 1.45111805141e+20 0.0 1 1 0
3114.05299357 5.15146908251e+20 1.45111805141e+20 0.0 1 1 0
3122.31308109 5.15146908251e+20 1.45111805141e+20 0.0 1 1 0
3130.57316861 5.22402498508e+20 1.45111805141e+20 0.0 1 1 0
3138.83325612 5.29658088765e+20 1.45111805141e+20 0.0 1 1 0
3147.09334364 5.36913679022e+20 1.45111805141e+20 0.0 1 1 0
3155.35343115 5.29658088765e+20 1.45111805141e+20 0.0 1 1 0
3163.61351867 5.29658088765e+20 1.45111805141e+20 0.0 1 1 0
3171.87360619 5.36913679022e+20 1.45111805141e+20 0.0 1 1 0
3180.1336937 5.44169269279e+20 1.45111805141e+20 0.0 1 1 0
3188.39378122 5.36913679022e+20 1.45111805141e+20 0.0 1 1 0
3196.65386873 5.36913679022e+20 1.45111805141e+20 0.0 1 1 0
3204.91395625 5.36913679022e+20 1.45111805141e+20 0.0 1 1 0
3213.17404377 5.36913679022e+20 1.45111805141e+20 0.0 1 1 0
3221.43413128 5.36913679022e+20 1.45111805141e+20 0.0 1 1 0
3229.6942188 5.29658088765e+20 1.45111805141e+20 0.0 1 1 0
3237.95430631 5.29658088765e+20 1.45111805141e+20 0.0 1 1 0
3246.21439383 5.29658088765e+20 1.45111805141e+20 0.0 1 1 0
3254.47448135 5.29658088765e+20 1.45111805141e+20 0.0 1 1 0
3262.73456886 5.29658088765e+20 1.45111805141e+20 0.0 1 1 0
3270.99465638 5.29658088765e+20 1.45111805141e+20 0.0 1 1 0
3279.2547439 5.29658088765e+20 1.45111805141e+20 0.0 1 1 0
3287.51483141 5.36913679022e+20 1.45111805141e+20 0.0 1 1 0
3295.77491893 5.29658088765e+20 1.45111805141e+20 0.0 1 1 0
3304.03500644 5.29658088765e+20 1.45111805141e+20 0.0 1 1 0
3312.29509396 5.22402498508e+20 1.45111805141e+20 0.0 1 1 0
3320.55518148 5.22402498508e+20 1.45111805141e+20 0.0 1 1 0
3328.81526899 5.29658088765e+20 1.45111805141e+20 0.0 1 1 0
3337.07535651 5.29658088765e+20 1.45111805141e+20 0.0 1 1 0
3345.33544402 5.29658088765e+20 1.45111805141e+20 0.0 1 1 0
3353.59553154 5.22402498508e+20 1.45111805141e+20 0.0 1 1 0
3361.85561906 5.29658088765e+20 1.45111805141e+20 0.0 1 1 0
3370.11570657 5.22402498508e+20 1.45111805141e+20 0.0 1 1 0
3378.37579409 5.22402498508e+20 1.45111805141e+20 0.0 1 1 0
3386.6358816 5.22402498508e+20 1.45111805141e+20 0.0 1 1 0
3394.89596912 5.22402498508e+20 1.45111805141e+20 0.0 1 1 0
3403.15605664 5.22402498508e+20 1.45111805141e+20 0.0 1 1 0
3411.41614415 5.22402498508e+20 1.45111805141e+20 0.0 1 1 0
3419.67623167 5.22402498508e+20 1.45111805141e+20 0.0 1 1 0
3427.93631918 5.07891317993e+20 1.45111805141e+20 0.0 1 1 0
3436.1964067 5.15146908251e+20 1.45111805141e+20 0.0 1 1 0
3444.45649422 5.15146908251e+20 1.45111805141e+20 0.0 1 1 0
3452.71658173 5.07891317993e+20 1.45111805141e+20 0.0 1 1 0
3460.97666925 5.07891317993e+20 1.45111805141e+20 0.0 1 1 0
3469.23675676 5.07891317993e+20 1.45111805141e+20 0.0 1 1 0
3477.49684428 5.07891317993e+20 1.45111805141e+20 0.0 1 1 0
3485.7569318 5.07891317993e+20 1.45111805141e+20 0.0 1 1 0
3494.01701931 5.00635727736e+20 1.45111805141e+20 0.0 1 1 0
3502.27710683 5.00635727736e+20 1.45111805141e+20 0.0 1 1 0
3510.53719435 4.93380137479e+20 1.45111805141e+20 0.0 1 1 0
3518.79728186 4.93380137479e+20 1.45111805141e+20 0.0 1 1 0
3527.05736938 4.93380137479e+20 1.45111805141e+20 0.0 1 1 0
3535.31745689 4.93380137479e+20 1.45111805141e+20 0.0 1 1 0
3543.57754441 5.07891317993e+20 1.45111805141e+20 0.0 1 1 0
3551.83763193 5.00635727736e+20 1.45111805141e+20 0.0 1 1 0
3560.09771944 5.00635727736e+20 1.45111805141e+20 0.0 1 1 0
3568.35780696 5.00635727736e+20 1.45111805141e+20 0.0 1 1 0
3576.61789447 5.00635727736e+20 1.45111805141e+20 0.0 1 1 0
3584.87798199 5.07891317993e+20 1.45111805141e+20 0.0 1 1 0
3593.13806951 5.07891317993e+20 1.45111805141e+20 0.0 1 1 0
3601.39815702 5.07891317993e+20 1.45111805141e+20 0.0 1 1 0
3609.65824454 5.00635727736e+20 1.45111805141e+20 0.0 1 1 0
3617.91833205 5.00635727736e+20 1.45111805141e+20 0.0 1 1 0
3626.17841957 4.93380137479e+20 1.45111805141e+20 0.0 1 1 0
3634.43850709 4.93380137479e+20 1.45111805141e+20 0.0 1 1 0
3642.6985946 4.93380137479e+20 1.45111805141e+20 0.0 1 1 0
3650.95868212 4.93380137479e+20 1.45111805141e+20 0.0 1 1 0
3659.21876963 4.78868956965e+20 1.45111805141e+20 0.0 1 1 0
3667.47885715 4.78868956965e+20 1.45111805141e+20 0.0 1 1 0
3675.73894467 4.78868956965e+20 1.45111805141e+20 0.0 1 1 0
3683.99903218 4.78868956965e+20 1.45111805141e+20 0.0 1 1 0
3692.2591197 4.71613366708e+20 1.45111805141e+20 0.0 1 1 0
3700.51920721 4.71613366708e+20 1.45111805141e+20 0.0 1 1 0
3708.77929473 4.71613366708e+20 1.45111805141e+20 0.0 1 1 0
3717.03938225 4.71613366708e+20 1.45111805141e+20 0.0 1 1 0
3725.29946976 4.71613366708e+20 1.45111805141e+20 0.0 1 1 0
3733.55955728 4.71613366708e+20 1.45111805141e+20 0.0 1 1 0
3741.81964479 4.71613366708e+20 1.45111805141e+20 0.0 1 1 0
3750.07973231 4.71613366708e+20 1.45111805141e+20 0.0 1 1 0
3758.33981983 4.71613366708e+20 1.45111805141e+20 0.0 1 1 0
3766.59990734 4.71613366708e+20 1.45111805141e+20 0.0 1 1 0
3774.85999486 4.71613366708e+20 1.45111805141e+20 0.0 1 1 0
3783.12008238 4.71613366708e+20 1.45111805141e+20 0.0 1 1 0
3791.38016989 4.71613366708e+20 1.45111805141e+20 0.0 1 1 0
3799.64025741 4.71613366708e+20 1.45111805141e+20 0.0 1 1 0
3807.90034492 4.71613366708e+20 1.45111805141e+20 0.0 1 1 0
3816.16043244 4.71613366708e+20 1.45111805141e+20 0.0 1 1 0
3824.42051996 4.71613366708e+20 1.45111805141e+20 0.0 1 1 0
3832.68060747 4.57102186194e+20 1.45111805141e+20 0.0 1 1 0
3840.94069499 4.64357776451e+20 1.45111805141e+20 0.0 1 1 0
3849.2007825 4.57102186194e+20 1.45111805141e+20 0.0 1 1 0
3857.46087002 4.57102186194e+20 1.45111805141e+20 0.0 1 1 0
3865.72095754 4.57102186194e+20 1.45111805141e+20 0.0 1 1 0
3873.98104505 4.57102186194e+20 1.45111805141e+20 0.0 1 1 0
3882.24113257 4.57102186194e+20 1.45111805141e+20 0.0 1 1 0
3890.50122008 4.57102186194e+20 1.45111805141e+20 0.0 1 1 0
3898.7613076 4.57102186194e+20 1.45111805141e+20 0.0 1 1 0
3907.02139512 4.57102186194e+20 1.45111805141e+20 0.0 1 1 0
3915.28148263 4.57102186194e+20 1.45111805141e+20 0.0 1 1 0
3923.54157015 4.64357776451e+20 1.45111805141e+20 0.0 1 1 0
3931.80165766 4.57102186194e+20 1.45111805141e+20 0.0 1 1 0
3940.06174518 4.57102186194e+20 1.45111805141e+20 0.0 1 1 0
3948.3218327 4.57102186194e+20 1.45111805141e+20 0.0 1 1 0
3956.58192021 4.57102186194e+20 1.45111805141e+20 0.0 1 1 0
3964.84200773 4.57102186194e+20 1.45111805141e+20 0.0 1 1 0
3973.10209524 4.57102186194e+20 1.45111805141e+20 0.0 1 1 0
3981.36218276 4.57102186194e+20 1.45111805141e+20 0.0 1 1 0
3989.62227028 4.57102186194e+20 1.45111805141e+20 0.0 1 1 0
3997.88235779 4.57102186194e+20 1.45111805141e+20 0.0 1 1 0
4006.14244531 4.57102186194e+20 1.45111805141e+20 0.0 1 1 0
4014.40253283 4.57102186194e+20 1.45111805141e+20 0.0 1 1 0
4022.66262034 4.49846595937e+20 1.45111805141e+20 0.0 1 1 0
4030.92270786 4.4259100568e+20 1.45111805141e+20 0.0 1 1 0
4039.18279537 4.35335415423e+20 1.45111805141e+20 0.0 1 1 0
4047.44288289 4.35335415423e+20 1.45111805141e+20 0.0 1 1 0
4055.70297041 4.35335415423e+20 1.45111805141e+20 0.0 1 1 0
4063.96305792 4.35335415423e+20 1.45111805141e+20 0.0 1 1 0
4072.22314544 4.35335415423e+20 1.45111805141e+20 0.0 1 1 0
4080.48323295 4.35335415423e+20 1.45111805141e+20 0.0 1 1 0
4088.74332047 4.35335415423e+20 1.45111805141e+20 0.0 1 1 0
4097.00340799 4.28079825166e+20 1.45111805141e+20 0.0 1 1 0
4105.2634955 4.28079825166e+20 1.45111805141e+20 0.0 1 1 0
4113.52358302 4.28079825166e+20 1.45111805141e+20 0.0 1 1 0
4121.78367053 4.28079825166e+20 1.45111805141e+20 0.0 1 1 0
4130.04375805 4.28079825166e+20 1.45111805141e+20 0.0 1 1 0
4138.30384557 4.28079825166e+20 1.45111805141e+20 0.0 1 1 0
4146.56393308 4.28079825166e+20 1.45111805141e+20 0.0 1 1 0
4154.8240206 4.28079825166e+20 1.45111805141e+20 0.0 1 1 0
4163.08410811 4.28079825166e+20 1.45111805141e+20 0.0 1 1 0
4171.34419563 4.28079825166e+20 1.45111805141e+20 0.0 1 1 0
4179.60428315 4.28079825166e+20 1.45111805141e+20 0.0 1 1 0
4187.86437066 4.28079825166e+20 1.45111805141e+20 0.0 1 1 0
4196.12445818 4.28079825166e+20 1.45111805141e+20 0.0 1 1 0
4204.38454569 4.35335415423e+20 1.45111805141e+20 0.0 1 1 0
4212.64463321 4.35335415423e+20 1.45111805141e+20 0.0 1 1 0
4220.90472073 4.35335415423e+20 1.45111805141e+20 0.0 1 1 0
4229.16480824 4.35335415423e+20 1.45111805141e+20 0.0 1 1 0
4237.42489576 4.35335415423e+20 1.45111805141e+20 0.0 1 1 0
4245.68498328 4.35335415423e+20 1.45111805141e+20 0.0 1 1 0
4253.94507079 4.35335415423e+20 1.45111805141e+20 0.0 1 1 0
4262.20515831 4.35335415423e+20 1.45111805141e+20 0.0 1 1 0
4270.46524582 4.35335415423e+20 1.45111805141e+20 0.0 1 1 0
4278.72533334 4.35335415423e+20 1.45111805141e+20 0.0 1 1 0
4286.98542086 4.28079825166e+20 1.45111805141e+20 0.0 1 1 0
4295.24550837 4.28079825166e+20 1.45111805141e+20 0.0 1 1 0
4303.50559589 4.35335415423e+20 1.45111805141e+20 0.0 1 1 0
4311.7656834 4.28079825166e+20 1.45111805141e+20 0.0 1 1 0
4320.02577092 4.20824234909e+20 1.45111805141e+20 0.0 1 1 0
4328.28585844 4.06313054395e+20 1.45111805141e+20 0.0 1 1 0
4336.54594595 4.06313054395e+20 1.45111805141e+20 0.0 1 1 0
4344.80603347 4.06313054395e+20 1.45111805141e+20 0.0 1 1 0
4353.06612098 4.06313054395e+20 1.45111805141e+20 0.0 1 1 0
4361.3262085 4.13568644652e+20 1.45111805141e+20 0.0 1 1 0
4369.58629602 3.99057464138e+20 1.45111805141e+20 0.0 1 1 0
4377.84638353 4.06313054395e+20 1.45111805141e+20 0.0 1 1 0
4386.10647105 4.06313054395e+20 1.45111805141e+20 0.0 1 1 0
4394.36655856 4.06313054395e+20 1.45111805141e+20 0.0 1 1 0
4402.62664608 3.99057464138e+20 1.45111805141e+20 0.0 1 1 0
4410.8867336 3.99057464138e+20 1.45111805141e+20 0.0 1 1 0
4419.14682111 3.99057464138e+20 1.45111805141e+20 0.0 1 1 0
4427.40690863 3.99057464138e+20 1.45111805141e+20 0.0 1 1 0
4435.66699614 3.99057464138e+20 1.45111805141e+20 0.0 1 1 0
4443.92708366 4.06313054395e+20 1.45111805141e+20 0.0 1 1 0
4452.18717118 3.99057464138e+20 1.45111805141e+20 0.0 1 1 0
4460.44725869 3.99057464138e+20 1.45111805141e+20 0.0 1 1 0
4468.70734621 4.06313054395e+20 1.45111805141e+20 0.0 1 1 0
4476.96743372 4.06313054395e+20 1.45111805141e+20 0.0 1 1 0
4485.22752124 4.06313054395e+20 1.45111805141e+20 0.0 1 1 0
4493.48760876 4.06313054395e+20 1.45111805141e+20 0.0 1 1 0
4501.74769627 3.99057464138e+20 1.45111805141e+20 0.0 1 1 0
4510.00778379 3.99057464138e+20 1.45111805141e+20 0.0 1 1 0
4518.26787131 3.99057464138e+20 1.45111805141e+20 0.0 1 1 0
4526.52795882 4.06313054395e+20 1.45111805141e+20 0.0 1 1 0
4534.78804634 4.06313054395e+20 1.45111805141e+20 0.0 1 1 0
4543.04813385 3.99057464138e+20 1.45111805141e+20 0.0 1 1 0
4551.30822137 3.99057464138e+20 1.45111805141e+20 0.0 1 1 0
4559.56830889 3.99057464138e+20 1.45111805141e+20 0.0 1 1 0
4567.8283964 3.91801873881e+20 1.45111805141e+20 0.0 1 1 0
4576.08848392 3.91801873881e+20 1.45111805141e+20 0.0 1 1 0
4584.34857143 3.91801873881e+20 1.45111805141e+20 0.0 1 1 0
4592.60865895 3.91801873881e+20 1.45111805141e+20 0.0 1 1 0
4600.86874647 3.91801873881e+20 1.45111805141e+20 0.0 1 1 0
4609.12883398 3.91801873881e+20 1.45111805141e+20 0.0 1 1 0
4617.3889215 3.91801873881e+20 1.45111805141e+20 0.0 1 1 0
4625.64900901 3.91801873881e+20 1.45111805141e+20 0.0 1 1 0
4633.90909653 3.91801873881e+20 1.45111805141e+20 0.0 1 1 0
4642.16918405 3.91801873881e+20 1.45111805141e+20 0.0 1 1 0
4650.42927156 3.91801873881e+20 1.45111805141e+20 0.0 1 1 0
4658.68935908 3.91801873881e+20 1.45111805141e+20 0.0 1 1 0
4666.94944659 3.99057464138e+20 1.45111805141e+20 0.0 1 1 0
4675.20953411 3.99057464138e+20 1.45111805141e+20 0.0 1 1 0
4683.46962163 3.99057464138e+20 1.45111805141e+20 0.0 1 1 0
4691.72970914 4.06313054395e+20 1.45111805141e+20 0.0 1 1 0
4699.98979666 4.06313054395e+20 1.45111805141e+20 0.0 1 1 0
4708.24988417 4.06313054395e+20 1.45111805141e+20 0.0 1 1 0
4716.50997169 4.06313054395e+20 1.45111805141e+20 0.0 1 1 0
4724.77005921 4.06313054395e+20 1.45111805141e+20 0.0 1 1 0
4733.03014672 4.06313054395e+20 1.45111805141e+20 0.0 1 1 0
4741.29023424 4.06313054395e+20 1.45111805141e+20 0.0 1 1 0
4749.55032176 4.06313054395e+20 1.45111805141e+20 0.0 1 1 0
4757.81040927 4.06313054395e+20 1.45111805141e+20 0.0 1 1 0
4766.07049679 4.06313054395e+20 1.45111805141e+20 0.0 1 1 0
4774.3305843 4.06313054395e+20 1.45111805141e+20 0.0 1 1 0
4782.59067182 4.06313054395e+20 1.45111805141e+20 0.0 1 1 0
4790.85075934 4.06313054395e+20 1.45111805141e+20 0.0 1 1 0
4799.11084685 4.06313054395e+20 1.45111805141e+20 0.0 1 1 0
4807.37093437 4.06313054395e+20 1.45111805141e+20 0.0 1 1 0
4815.63102188 4.06313054395e+20 1.45111805141e+20 0.0 1 1 0
4823.8911094 4.06313054395e+20 1.45111805141e+20 0.0 1 1 0
4832.15119692 4.06313054395e+20 1.45111805141e+20 0.0 1 1 0
4840.41128443 4.06313054395e+20 1.45111805141e+20 0.0 1 1 0
4848.67137195 4.06313054395e+20 1.45111805141e+20 0.0 1 1 0
4856.93145946 4.06313054395e+20 1.45111805141e+20 0.0 1 1 0
4865.19154698 4.06313054395e+20 1.45111805141e+20 0.0 1 1 0
4873.4516345 4.06313054395e+20 1.45111805141e+20 0.0 1 1 0
4881.71172201 4.06313054395e+20 1.45111805141e+20 0.0 1 1 0
4889.97180953 4.06313054395e+20 1.45111805141e+20 0.0 1 1 0
4898.23189704 4.06313054395e+20 1.45111805141e+20 0.0 1 1 0
4906.49198456 4.06313054395e+20 1.45111805141e+20 0.0 1 1 0
4914.75207208 4.06313054395e+20 1.45111805141e+20 0.0 1 1 0
4923.01215959 4.06313054395e+20 1.45111805141e+20 0.0 1 1 0
4931.27224711 4.06313054395e+20 1.45111805141e+20 0.0 1 1 0
4939.53233463 4.06313054395e+20 1.45111805141e+20 0.0 1 1 0
4947.79242214 4.06313054395e+20 1.45111805141e+20 0.0 1 1 0
4956.05250966 4.06313054395e+20 1.45111805141e+20 0.0 1 1 0
4964.31259718 4.06313054395e+20 1.45111805141e+20 0.0 1 1 0
4972.57268469 3.99057464138e+20 1.45111805141e+20 0.0 1 1 0
4980.83277221 3.99057464138e+20 1.45111805141e+20 0.0 1 1 0
4989.09285973 3.99057464138e+20 1.45111805141e+20 0.0 1 1 0
4997.35294724 3.99057464138e+20 1.45111805141e+20 0.0 1 1 0
5005.61303476 3.91801873881e+20 1.45111805141e+20 0.0 1 1 0
5013.87312228 3.91801873881e+20 1.45111805141e+20 0.0 1 1 0
5022.13320979 3.91801873881e+20 1.45111805141e+20 0.0 1 1 0
5030.39329731 3.91801873881e+20 1.45111805141e+20 0.0 1 1 0
5038.65338483 3.91801873881e+20 1.45111805141e+20 0.0 1 1 0
5046.91347234 3.91801873881e+20 1.45111805141e+20 0.0 1 1 0
5055.17355986 3.91801873881e+20 1.45111805141e+20 0.0 1 1 0
5063.43364738 3.91801873881e+20 1.45111805141e+20 0.0 1 1 0
5071.69373489 3.84546283624e+20 1.45111805141e+20 0.0 1 1 0
5079.95382241 3.84546283624e+20 1.45111805141e+20 0.0 1 1 0
5088.21390993 3.84546283624e+20 1.45111805141e+20 0.0 1 1 0
5096.47399744 3.84546283624e+20 1.45111805141e+20 0.0 1 1 0
5104.73408496 3.84546283624e+20 1.45111805141e+20 0.0 1 1 0
5112.99417248 3.84546283624e+20 1.45111805141e+20 0.0 1 1 0
5121.25425999 3.84546283624e+20 1.45111805141e+20 0.0 1 1 0
5129.51434751 3.84546283624e+20 1.45111805141e+20 0.0 1 1 0
5137.77443503 3.84546283624e+20 1.45111805141e+20 0.0 1 1 0
5146.03452254 3.84546283624e+20 1.45111805141e+20 0.0 1 1 0
5154.29461006 3.84546283624e+20 1.45111805141e+20 0.0 1 1 0
5162.55469758 3.84546283624e+20 1.45111805141e+20 0.0 1 1 0
5170.81478509 3.84546283624e+20 1.45111805141e+20 0.0 1 1 0
5179.07487261 3.84546283624e+20 1.45111805141e+20 0.0 1 1 0
5187.33496013 3.84546283624e+20 1.45111805141e+20 0.0 1 1 0
5195.59504764 3.84546283624e+20 1.45111805141e+20 0.0 1 1 0
5203.85513516 3.84546283624e+20 1.45111805141e+20 0.0 1 1 0
5212.11522268 3.77290693367e+20 1.45111805141e+20 0.0 1 1 0
5220.37531019 3.77290693367e+20 1.45111805141e+20 0.0 1 1 0
5228.63539771 3.77290693367e+20 1.45111805141e+20 0.0 1 1 0
5236.89548523 3.77290693367e+20 1.45111805141e+20 0.0 1 1 0
5245.15557274 3.77290693367e+20 1.45111805141e+20 0.0 1 1 0
5253.41566026 3.77290693367e+20 1.45111805141e+20 0.0 1 1 0
5261.67574777 3.77290693367e+20 1.45111805141e+20 0.0 1 1 0
5269.93583529 3.77290693367e+20 1.45111805141e+20 0.0 1 1 0
5278.19592281 3.77290693367e+20 1.45111805141e+20 0.0 1 1 0
5286.45601032 3.77290693367e+20 1.45111805141e+20 0.0 1 1 0
5294.71609784 3.77290693367e+20 1.45111805141e+20 0.0 1 1 0
5302.97618536 3.77290693367e+20 1.45111805141e+20 0.0 1 1 0
5311.23627287 3.77290693367e+20 1.45111805141e+20 0.0 1 1 0
5319.49636039 3.77290693367e+20 1.45111805141e+20 0.0 1 1 0
5327.75644791 3.77290693367e+20 1.45111805141e+20 0.0 1 1 0
5336.01653542 3.77290693367e+20 1.45111805141e+20 0.0 1 1 0
5344.27662294 3.77290693367e+20 1.45111805141e+20 0.0 1 1 0
5352.53671046 3.77290693367e+20 1.45111805141e+20 0.0 1 1 0
5360.79679797 3.77290693367e+20 1.45111805141e+20 0.0 1 1 0
5369.05688549 3.77290693367e+20 1.45111805141e+20 0.0 1 1 0
5377.31697301 3.77290693367e+20 1.45111805141e+20 0.0 1 1 0
5385.57706052 3.77290693367e+20 1.45111805141e+20 0.0 1 1 0
5393.83714804 3.77290693367e+20 1.45111805141e+20 0.0 1 1 0
5402.09723556 3.77290693367e+20 1.45111805141e+20 0.0 1 1 0
5410.35732307 3.77290693367e+20 1.45111805141e+20 0.0 1 1 0
5418.61741059 3.77290693367e+20 1.45111805141e+20 0.0 1 1 0
5426.87749811 3.77290693367e+20 1.45111805141e+20 0.0 1 1 0
5435.13758562 3.77290693367e+20 1.45111805141e+20 0.0 1 1 0
5443.39767314 3.77290693367e+20 1.45111805141e+20 0.0 1 1 0
5451.65776066 3.77290693367e+20 1.45111805141e+20 0.0 1 1 0
5459.91784817 3.77290693367e+20 1.45111805141e+20 0.0 1 1 0
5468.17793569 3.77290693367e+20 1.45111805141e+20 0.0 1 1 0
5476.43802321 3.77290693367e+20 1.45111805141e+20 0.0 1 1 0
5484.69811072 3.77290693367e+20 1.45111805141e+20 0.0 1 1 0
5492.95819824 3.77290693367e+20 1.45111805141e+20 0.0 1 1 0
5501.21828576 3.77290693367e+20 1.45111805141e+20 0.0 1 1 0
5509.47837327 3.77290693367e+20 1.45111805141e+20 0.0 1 1 0
5517.73846079 3.7003510311e+20 1.45111805141e+20 0.0 1 1 0
5525.99854831 3.7003510311e+20 1.45111805141e+20 0.0 1 1 0
5534.25863582 3.62779512852e+20 1.45111805141e+20 0.0 1 1 0
5542.51872334 3.55523922595e+20 1.45111805141e+20 0.0 1 1 0
5550.77881086 3.55523922595e+20 1.45111805141e+20 0.0 1 1 0
5559.03889837 3.55523922595e+20 1.45111805141e+20 0.0 1 1 0
5567.29898589 3.55523922595e+20 1.45111805141e+20 0.0 1 1 0
5575.55907341 3.55523922595e+20 1.45111805141e+20 0.0 1 1 0
5583.81916092 3.48268332338e+20 1.45111805141e+20 0.0 1 1 0
5592.07924844 3.48268332338e+20 1.45111805141e+20 0.0 1 1 0
5600.33933596 3.55523922595e+20 1.45111805141e+20 0.0 1 1 0
5608.59942347 3.55523922595e+20 1.45111805141e+20 0.0 1 1 0
5616.85951099 3.55523922595e+20 1.45111805141e+20 0.0 1 1 0
5625.11959851 3.55523922595e+20 1.45111805141e+20 0.0 1 1 0
5633.37968602 3.55523922595e+20 1.45111805141e+20 0.0 1 1 0
5641.63977354 3.55523922595e+20 1.45111805141e+20 0.0 1 1 0
5649.89986106 3.55523922595e+20 1.45111805141e+20 0.0 1 1 0
5658.15994857 3.55523922595e+20 1.45111805141e+20 0.0 1 1 0
5666.42003609 3.55523922595e+20 1.45111805141e+20 0.0 1 1 0
5674.68012361 3.55523922595e+20 1.45111805141e+20 0.0 1 1 0
5682.94021112 3.55523922595e+20 1.45111805141e+20 0.0 1 1 0
5691.20029864 3.62779512852e+20 1.45111805141e+20 0.0 1 1 0
5699.46038616 3.62779512852e+20 1.45111805141e+20 0.0 1 1 0
5707.72047367 3.62779512852e+20 1.45111805141e+20 0.0 1 1 0
5715.98056119 3.62779512852e+20 1.45111805141e+20 0.0 1 1 0
5724.24064871 3.62779512852e+20 1.45111805141e+20 0.0 1 1 0
5732.50073622 3.62779512852e+20 1.45111805141e+20 0.0 1 1 0
5740.76082374 3.62779512852e+20 1.45111805141e+20 0.0 1 1 0
5749.02091126 3.62779512852e+20 1.45111805141e+20 0.0 1 1 0
5757.28099877 3.62779512852e+20 1.45111805141e+20 0.0 1 1 0
5765.54108629 3.62779512852e+20 1.45111805141e+20 0.0 1 1 0
5773.8011738 3.62779512852e+20 1.45111805141e+20 0.0 1 1 0
5782.06126132 3.62779512852e+20 1.45111805141e+20 0.0 1 1 0
5790.32134884 3.55523922595e+20 1.45111805141e+20 0.0 1 1 0
5798.58143635 3.48268332338e+20 1.45111805141e+20 0.0 1 1 0
5806.84152387 3.48268332338e+20 1.45111805141e+20 0.0 1 1 0
5815.10161139 3.48268332338e+20 1.45111805141e+20 0.0 1 1 0
5823.3616989 3.48268332338e+20 1.45111805141e+20 0.0 1 1 0
5831.62178642 3.41012742081e+20 1.45111805141e+20 0.0 1 1 0
5839.88187394 3.48268332338e+20 1.45111805141e+20 0.0 1 1 0
5848.14196145 3.55523922595e+20 1.45111805141e+20 0.0 1 1 0
5856.40204897 3.48268332338e+20 1.45111805141e+20 0.0 1 1 0
5864.66213649 3.48268332338e+20 1.45111805141e+20 0.0 1 1 0
5872.922224 3.48268332338e+20 1.45111805141e+20 0.0 1 1 0
5881.18231152 3.48268332338e+20 1.45111805141e+20 0.0 1 1 0
5889.44239904 3.48268332338e+20 1.45111805141e+20 0.0 1 1 0
5897.70248655 3.48268332338e+20 1.45111805141e+20 0.0 1 1 0
5905.96257407 3.48268332338e+20 1.45111805141e+20 0.0 1 1 0
5914.22266159 3.48268332338e+20 1.45111805141e+20 0.0 1 1 0
5922.4827491 3.48268332338e+20 1.45111805141e+20 0.0 1 1 0
5930.74283662 3.55523922595e+20 1.45111805141e+20 0.0 1 1 0
5939.00292414 3.55523922595e+20 1.45111805141e+20 0.0 1 1 0
5947.26301165 3.55523922595e+20 1.45111805141e+20 0.0 1 1 0
5955.52309917 3.48268332338e+20 1.45111805141e+20 0.0 1 1 0
5963.78318669 3.48268332338e+20 1.45111805141e+20 0.0 1 1 0
5972.0432742 3.48268332338e+20 1.45111805141e+20 0.0 1 1 0
5980.30336172 3.48268332338e+20 1.45111805141e+20 0.0 1 1 0
5988.56344924 3.48268332338e+20 1.45111805141e+20 0.0 1 1 0
5996.82353675 3.48268332338e+20 1.45111805141e+20 0.0 1 1 0
6005.08362427 3.48268332338e+20 1.45111805141e+20 0.0 1 1 0
6013.34371179 3.48268332338e+20 1.45111805141e+20 0.0 1 1 0
6021.6037993 3.48268332338e+20 1.45111805141e+20 0.0 1 1 0
6029.86388682 3.48268332338e+20 1.45111805141e+20 0.0 1 1 0
6038.12397434 3.55523922595e+20 1.45111805141e+20 0.0 1 1 0
6046.38406185 3.55523922595e+20 1.45111805141e+20 0.0 1 1 0
6054.64414937 3.55523922595e+20 1.45111805141e+20 0.0 1 1 0
6062.90423689 3.62779512852e+20 1.45111805141e+20 0.0 1 1 0
6071.1643244 3.62779512852e+20 1.45111805141e+20 0.0 1 1 0
6079.42441192 3.62779512852e+20 1.45111805141e+20 0.0 1 1 0
6087.68449944 3.62779512852e+20 1.45111805141e+20 0.0 1 1 0
6095.94458695 3.62779512852e+20 1.45111805141e+20 0.0 1 1 0
6104.20467447 3.62779512852e+20 1.45111805141e+20 0.0 1 1 0
6112.46476199 3.62779512852e+20 1.45111805141e+20 0.0 1 1 0
6120.7248495 3.62779512852e+20 1.45111805141e+20 0.0 1 1 0
6128.98493702 3.62779512852e+20 1.45111805141e+20 0.0 1 1 0
6137.24502454 3.62779512852e+20 1.45111805141e+20 0.0 1 1 0
6145.50511205 3.62779512852e+20 1.45111805141e+20 0.0 1 1 0
6153.76519957 3.7003510311e+20 1.45111805141e+20 0.0 1 1 0
6162.02528709 3.7003510311e+20 1.45111805141e+20 0.0 1 1 0
6170.2853746 3.7003510311e+20 1.45111805141e+20 0.0 1 1 0
6178.54546212 3.7003510311e+20 1.45111805141e+20 0.0 1 1 0
6186.80554964 3.7003510311e+20 1.45111805141e+20 0.0 1 1 0
6195.06563715 3.7003510311e+20 1.45111805141e+20 0.0 1 1 0
6203.32572467 3.7003510311e+20 1.45111805141e+20 0.0 1 1 0
6211.58581219 3.7003510311e+20 1.45111805141e+20 0.0 1 1 0
6219.8458997 3.7003510311e+20 1.45111805141e+20 0.0 1 1 0
6228.10598722 3.7003510311e+20 1.45111805141e+20 0.0 1 1 0
6236.36607474 3.7003510311e+20 1.45111805141e+20 0.0 1 1 0
6244.62616225 3.7003510311e+20 1.45111805141e+20 0.0 1 1 0
6252.88624977 3.7003510311e+20 1.45111805141e+20 0.0 1 1 0
6261.14633728 3.7003510311e+20 1.45111805141e+20 0.0 1 1 0
6269.4064248 3.7003510311e+20 1.45111805141e+20 0.0 1 1 0
6277.66651232 3.7003510311e+20 1.45111805141e+20 0.0 1 1 0
6285.92659983 3.62779512852e+20 1.45111805141e+20 0.0 1 1 0
6294.18668735 3.62779512852e+20 1.45111805141e+20 0.0 1 1 0
6302.44677487 3.62779512852e+20 1.45111805141e+20 0.0 1 1 0
6310.70686238 3.62779512852e+20 1.45111805141e+20 0.0 1 1 0
6318.9669499 3.62779512852e+20 1.45111805141e+20 0.0 1 1 0
6327.22703742 3.62779512852e+20 1.45111805141e+20 0.0 1 1 0
6335.48712493 3.62779512852e+20 1.45111805141e+20 0.0 1 1 0
6343.74721245 3.62779512852e+20 1.45111805141e+20 0.0 1 1 0
6352.00729997 3.62779512852e+20 1.45111805141e+20 0.0 1 1 0
6360.26738748 3.62779512852e+20 1.45111805141e+20 0.0 1 1 0
6368.527475 3.62779512852e+20 1.45111805141e+20 0.0 1 1 0
6376.78756252 3.62779512852e+20 1.45111805141e+20 0.0 1 1 0
6385.04765003 3.62779512852e+20 1.45111805141e+20 0.0 1 1 0
6393.30773755 3.62779512852e+20 1.45111805141e+20 0.0 1 1 0
6401.56782507 3.62779512852e+20 1.45111805141e+20 0.0 1 1 0
6409.82791258 3.62779512852e+20 1.45111805141e+20 0.0 1 1 0
6418.0880001 3.62779512852e+20 1.45111805141e+20 0.0 1 1 0
6426.34808762 3.62779512852e+20 1.45111805141e+20 0.0 1 1 0
6434.60817513 3.62779512852e+20 1.45111805141e+20 0.0 1 1 0
6442.86826265 3.55523922595e+20 1.45111805141e+20 0.0 1 1 0
6451.12835017 3.55523922595e+20 1.45111805141e+20 0.0 1 1 0
6459.38843768 3.55523922595e+20 1.45111805141e+20 0.0 1 1 0
6467.6485252 3.55523922595e+20 1.45111805141e+20 0.0 1 1 0
6475.90861272 3.62779512852e+20 1.45111805141e+20 0.0 1 1 0
6484.16870023 3.62779512852e+20 1.45111805141e+20 0.0 1 1 0
6492.42878775 3.62779512852e+20 1.45111805141e+20 0.0 1 1 0
6500.68887527 3.62779512852e+20 1.45111805141e+20 0.0 1 1 0
6508.94896278 3.62779512852e+20 1.45111805141e+20 0.0 1 1 0
6517.2090503 3.62779512852e+20 1.45111805141e+20 0.0 1 1 0
6525.46913782 3.62779512852e+20 1.45111805141e+20 0.0 1 1 0
6533.72922533 3.62779512852e+20 1.45111805141e+20 0.0 1 1 0
6541.98931285 3.62779512852e+20 1.45111805141e+20 0.0 1 1 0
6550.24940037 3.62779512852e+20 1.45111805141e+20 0.0 1 1 0
6558.50948788 3.62779512852e+20 1.45111805141e+20 0.0 1 1 0
6566.7695754 3.62779512852e+20 1.45111805141e+20 0.0 1 1 0
6575.02966292 3.62779512852e+20 1.45111805141e+20 0.0 1 1 0
6583.28975043 3.62779512852e+20 1.45111805141e+20 0.0 1 1 0
6591.54983795 3.62779512852e+20 1.45111805141e+20 0.0 1 1 0
6599.80992547 3.62779512852e+20 1.45111805141e+20 0.0 1 1 0
6608.07001298 3.62779512852e+20 1.45111805141e+20 0.0 1 1 0
6616.3301005 3.55523922595e+20 1.45111805141e+20 0.0 1 1 0
6624.59018802 3.55523922595e+20 1.45111805141e+20 0.0 1 1 0
6632.85027553 3.55523922595e+20 1.45111805141e+20 0.0 1 1 0
6641.11036305 3.55523922595e+20 1.45111805141e+20 0.0 1 1 0
6649.37045057 3.55523922595e+20 1.45111805141e+20 0.0 1 1 0
6657.63053808 3.55523922595e+20 1.45111805141e+20 0.0 1 1 0
6665.8906256 3.55523922595e+20 1.45111805141e+20 0.0 1 1 0
6674.15071312 3.55523922595e+20 1.45111805141e+20 0.0 1 1 0
6682.41080063 3.55523922595e+20 1.45111805141e+20 0.0 1 1 0
6690.67088815 3.55523922595e+20 1.45111805141e+20 0.0 1 1 0
6698.93097567 3.48268332338e+20 1.45111805141e+20 0.0 1 1 0
6707.19106318 3.48268332338e+20 1.45111805141e+20 0.0 1 1 0
6715.4511507 3.48268332338e+20 1.45111805141e+20 0.0 1 1 0
6723.71123822 3.48268332338e+20 1.45111805141e+20 0.0 1 1 0
6731.97132573 3.48268332338e+20 1.45111805141e+20 0.0 1 1 0
6740.23141325 3.48268332338e+20 1.45111805141e+20 0.0 1 1 0
6748.49150077 3.48268332338e+20 1.45111805141e+20 0.0 1 1 0
6756.75158828 3.48268332338e+20 1.45111805141e+20 0.0 1 1 0
6765.0116758 3.48268332338e+20 1.45111805141e+20 0.0 1 1 0
6773.27176331 3.48268332338e+20 1.45111805141e+20 0.0 1 1 0
6781.53185083 3.55523922595e+20 1.45111805141e+20 0.0 1 1 0
6789.79193835 3.55523922595e+20 1.45111805141e+20 0.0 1 1 0
6798.05202586 3.55523922595e+20 1.45111805141e+20 0.0 1 1 0
6806.31211338 3.48268332338e+20 1.45111805141e+20 0.0 1 1 0
6814.5722009 3.48268332338e+20 1.45111805141e+20 0.0 1 1 0
6822.83228841 3.48268332338e+20 1.45111805141e+20 0.0 1 1 0
6831.09237593 3.48268332338e+20 1.45111805141e+20 0.0 1 1 0
6839.35246345 3.48268332338e+20 1.45111805141e+20 0.0 1 1 0
6847.61255096 3.48268332338e+20 1.45111805141e+20 0.0 1 1 0
6855.87263848 3.48268332338e+20 1.45111805141e+20 0.0 1 1 0
6864.132726 3.41012742081e+20 1.45111805141e+20 0.0 1 1 0
6872.39281351 3.41012742081e+20 1.45111805141e+20 0.0 1 1 0
6880.65290103 3.41012742081e+20 1.45111805141e+20 0.0 1 1 0
6888.91298855 3.41012742081e+20 1.45111805141e+20 0.0 1 1 0
6897.17307606 3.41012742081e+20 1.45111805141e+20 0.0 1 1 0
6905.43316358 3.41012742081e+20 1.45111805141e+20 0.0 1 1 0
6913.6932511 3.41012742081e+20 1.45111805141e+20 0.0 1 1 0
6921.95333861 3.41012742081e+20 1.45111805141e+20 0.0 1 1 0
6930.21342613 3.41012742081e+20 1.45111805141e+20 0.0 1 1 0
6938.47351365 3.41012742081e+20 1.45111805141e+20 0.0 1 1 0
6946.73360116 3.41012742081e+20 1.45111805141e+20 0.0 1 1 0
6954.99368868 3.41012742081e+20 1.45111805141e+20 0.0 1 1 0
6963.2537762 3.41012742081e+20 1.45111805141e+20 0.0 1 1 0
6971.51386371 3.41012742081e+20 1.45111805141e+20 0.0 1 1 0
6979.77395123 3.33757151824e+20 1.45111805141e+20 0.0 1 1 0
6988.03403875 3.33757151824e+20 1.45111805141e+20 0.0 1 1 0
6996.29412626 3.41012742081e+20 1.45111805141e+20 0.0 1 1 0
7004.55421378 3.41012742081e+20 1.45111805141e+20 0.0 1 1 0
7012.8143013 3.41012742081e+20 1.45111805141e+20 0.0 1 1 0
7021.07438881 3.41012742081e+20 1.45111805141e+20 0.0 1 1 0
7029.33447633 3.41012742081e+20 1.45111805141e+20 0.0 1 1 0
7037.59456385 3.41012742081e+20 1.45111805141e+20 0.0 1 1 0
7045.85465136 3.41012742081e+20 1.45111805141e+20 0.0 1 1 0
7054.11473888 3.41012742081e+20 1.45111805141e+20 0.0 1 1 0
7062.3748264 3.41012742081e+20 1.45111805141e+20 0.0 1 1 0
7070.63491391 3.41012742081e+20 1.45111805141e+20 0.0 1 1 0
7078.89500143 3.41012742081e+20 1.45111805141e+20 0.0 1 1 0
7087.15508895 3.41012742081e+20 1.45111805141e+20 0.0 1 1 0
