0.0 0.0 3.38836065004e+21
8.26008751617 0.0 3.38836065004e+21
16.5201750323 0.0 3.38836065004e+21
24.7802625485 0.0 3.38836065004e+21
33.0403500647 0.0 3.38836065004e+21
41.3004375808 0.0 3.38836065004e+21
49.560525097 0.0 3.38836065004e+21
57.8206126132 0.0 3.38836065004e+21
66.0807001293 0.0 3.38836065004e+21
74.3407876455 0.0 3.38836065004e+21
82.6008751617 0.0 3.38836065004e+21
90.8609626779 0.0 3.38836065004e+21
99.121050194 0.0 3.38836065004e+21
107.38113771 0.0 3.38836065004e+21
115.641225226 0.0 3.38836065004e+21
123.901312743 0.0 3.38836065004e+21
132.161400259 0.0 3.38836065004e+21
140.421487775 0.0 3.38836065004e+21
148.681575291 0.0 3.38836065004e+21
156.941662807 0.0 3.38836065004e+21
165.201750323 0.0 3.38836065004e+21
173.46183784 0.0 3.38836065004e+21
181.721925356 0.0 3.38836065004e+21
189.982012872 0.0 3.38836065004e+21
198.242100388 0.0 3.38836065004e+21
206.502187904 0.0 3.38836065004e+21
214.76227542 0.0 3.38836065004e+21
223.022362937 0.0 3.38836065004e+21
231.282450453 0.0 3.38836065004e+21
239.542537969 0.0 3.38836065004e+21
247.802625485 0.0 3.38836065004e+21
256.062713001 0.0 3.38836065004e+21
264.322800517 0.0 3.38836065004e+21
272.582888034 0.0 3.38836065004e+21
280.84297555 0.0 3.38836065004e+21
289.103063066 0.0 3.38836065004e+21
297.363150582 0.0 3.38836065004e+21
305.623238098 0.0 3.38836065004e+21
313.883325614 0.0 3.38836065004e+21
322.143413131 0.0 3.38836065004e+21
330.403500647 0.0 3.38836065004e+21
338.663588163 0.0 3.38836065004e+21
346.923675679 0.0 3.38836065004e+21
355.183763195 0.0 3.38836065004e+21
363.443850711 0.0 3.38836065004e+21
371.703938227 0.0 3.38836065004e+21
379.964025743 0.0 3.38836065004e+21
388.22411326 0.0 3.38836065004e+21
396.484200776 0.0 3.38836065004e+21
404.744288292 0.0 3.38836065004e+21
413.004375808 0.0 3.38836065004e+21
421.264463324 0.0 3.38836065004e+21
429.52455084 6.31236352363e+20 2.69182398537e+21
437.784638356 6.31236352363e+20 2.68456839511e+21
446.044725873 6.53003123134e+20 2.60475690228e+21
454.304813389 6.74769893906e+20 2.55396777048e+21
462.564900905 6.8928107442e+20 2.51043422894e+21
470.824988421 6.8928107442e+20 2.48141186791e+21
479.085075937 6.53003123134e+20 2.49592304843e+21
487.345163453 6.45747532877e+20 2.49592304843e+21
495.605250969 6.3849194262e+20 2.47415627765e+21
503.865338486 6.74769893906e+20 2.43787832637e+21
512.125426002 6.74769893906e+20 2.39434478483e+21
520.385513518 6.74769893906e+20 2.3653224238e+21
528.645601034 6.82025484163e+20 2.34355565303e+21
536.90568855 6.74769893906e+20 2.32904447251e+21
545.165776066 6.67514303649e+20 2.314533292e+21
553.425863582 6.74769893906e+20 2.28551093097e+21
561.685951098 6.8928107442e+20 2.25648856994e+21
569.946038615 7.03792254934e+20 2.2129550284e+21
578.206126131 7.18303435448e+20 2.19118825763e+21
586.466213647 7.18303435448e+20 2.19118825763e+21
594.726301163 7.11047845191e+20 2.16942148686e+21
602.986388679 7.18303435448e+20 2.14039912583e+21
611.246476195 7.03792254934e+20 2.13314353557e+21
619.506563711 7.11047845191e+20 2.11863235506e+21
627.766651228 7.03792254934e+20 2.11863235506e+21
636.026738744 7.18303435448e+20 2.09686558429e+21
644.28682626 7.32814615962e+20 2.08235440377e+21
652.546913776 7.6183697699e+20 2.05333204275e+21
660.807001292 7.76348157504e+20 2.04607645249e+21
669.067088809 7.83603747761e+20 2.03882086223e+21
677.327176325 7.76348157504e+20 2.03882086223e+21
685.587263841 7.76348157504e+20 2.02430968172e+21
693.847351357 7.6183697699e+20 2.02430968172e+21
702.107438874 7.69092567247e+20 2.02430968172e+21
710.36752639 7.90859338018e+20 2.02430968172e+21
718.627613906 8.1262610879e+20 2.01705409146e+21
726.887701422 8.19881699047e+20 2.01705409146e+21
735.147788938 8.1262610879e+20 2.01705409146e+21
743.407876455 8.1262610879e+20 2.0097985012e+21
751.667963971 8.27137289304e+20 2.0097985012e+21
759.928051487 8.27137289304e+20 2.0097985012e+21
768.188139003 8.34392879561e+20 2.00254291095e+21
776.448226519 8.41648469818e+20 2.00254291095e+21
784.708314036 8.56159650332e+20 1.99528732069e+21
792.968401552 8.56159650332e+20 1.99528732069e+21
801.228489068 8.56159650332e+20 1.98803173043e+21
809.488576584 8.77926421103e+20 1.98803173043e+21
817.7486641 8.77926421103e+20 1.98803173043e+21
826.008751617 8.70670830846e+20 1.98803173043e+21
834.268839133 8.70670830846e+20 1.98803173043e+21
842.528926649 8.63415240589e+20 1.98803173043e+21
850.789014165 8.70670830846e+20 1.98803173043e+21
859.049101681 8.77926421103e+20 1.98803173043e+21
867.309189198 8.8518201136e+20 1.98803173043e+21
875.569276714 8.8518201136e+20 1.98803173043e+21
883.82936423 8.8518201136e+20 1.98803173043e+21
892.089451746 8.92437601617e+20 1.98803173043e+21
900.349539262 8.99693191874e+20 1.98803173043e+21
908.609626779 9.06948782131e+20 1.98803173043e+21
916.869714295 9.06948782131e+20 1.98803173043e+21
925.129801811 9.14204372388e+20 1.98803173043e+21
933.389889327 9.06948782131e+20 1.98803173043e+21
941.649976843 8.99693191874e+20 1.98803173043e+21
949.91006436 9.06948782131e+20 1.98803173043e+21
958.170151876 8.99693191874e+20 1.98803173043e+21
966.430239392 8.77926421103e+20 1.98803173043e+21
974.690326908 8.77926421103e+20 1.98803173043e+21
982.950414424 8.8518201136e+20 1.98803173043e+21
991.210501941 8.8518201136e+20 1.98803173043e+21
999.470589457 8.77926421103e+20 1.98803173043e+21
1007.73067697 8.63415240589e+20 1.98803173043e+21
1015.99076449 8.70670830846e+20 1.98803173043e+21
1024.25085201 8.70670830846e+20 1.98803173043e+21
1032.51093952 8.77926421103e+20 1.98803173043e+21
1040.77102704 8.63415240589e+20 1.98803173043e+21
1049.03111455 8.70670830846e+20 1.98803173043e+21
1057.29120207 8.63415240589e+20 1.98803173043e+21
1065.55128959 8.56159650332e+20 1.98803173043e+21
1073.8113771 8.56159650332e+20 1.98803173043e+21
1082.07146462 8.56159650332e+20 1.98803173043e+21
1090.33155214 8.41648469818e+20 1.98803173043e+21
1098.59163965 8.34392879561e+20 1.98803173043e+21
1106.85172717 8.34392879561e+20 1.98803173043e+21
1115.11181468 8.41648469818e+20 1.98803173043e+21
1123.3719022 8.34392879561e+20 1.98803173043e+21
1131.63198972 8.34392879561e+20 1.98803173043e+21
1139.89207723 8.34392879561e+20 1.98803173043e+21
1148.15216475 8.48904060075e+20 1.98803173043e+21
1156.41225226 8.56159650332e+20 1.98803173043e+21
1164.67233978 8.56159650332e+20 1.98803173043e+21
1172.9324273 8.63415240589e+20 1.98803173043e+21
1181.19251481 8.56159650332e+20 1.98803173043e+21
1189.45260233 8.56159650332e+20 1.98803173043e+21
1197.71268985 8.56159650332e+20 1.98803173043e+21
1205.97277736 8.56159650332e+20 1.98803173043e+21
1214.23286488 8.63415240589e+20 1.98803173043e+21
1222.49295239 8.63415240589e+20 1.98803173043e+21
1230.75303991 8.70670830846e+20 1.98803173043e+21
1239.01312743 8.77926421103e+20 1.98803173043e+21
1247.27321494 8.8518201136e+20 1.98803173043e+21
1255.53330246 8.92437601617e+20 1.98803173043e+21
1263.79338997 8.92437601617e+20 1.98803173043e+21
1272.05347749 8.8518201136e+20 1.98803173043e+21
1280.31356501 8.8518201136e+20 1.98803173043e+21
1288.57365252 8.8518201136e+20 1.98803173043e+21
1296.83374004 8.63415240589e+20 1.98803173043e+21
1305.09382756 8.63415240589e+20 1.98803173043e+21
1313.35391507 8.70670830846e+20 1.98803173043e+21
1321.61400259 8.63415240589e+20 1.98803173043e+21
1329.8740901 8.63415240589e+20 1.98803173043e+21
1338.13417762 8.63415240589e+20 1.98803173043e+21
1346.39426514 8.63415240589e+20 1.98803173043e+21
1354.65435265 8.63415240589e+20 1.98803173043e+21
1362.91444017 8.56159650332e+20 1.98803173043e+21
1371.17452768 8.56159650332e+20 1.98803173043e+21
1379.4346152 8.56159650332e+20 1.98803173043e+21
1387.69470272 8.48904060075e+20 1.98803173043e+21
1395.95479023 8.48904060075e+20 1.98803173043e+21
1404.21487775 8.56159650332e+20 1.98803173043e+21
1412.47496526 8.48904060075e+20 1.98803173043e+21
1420.73505278 8.48904060075e+20 1.98803173043e+21
1428.9951403 8.48904060075e+20 1.98803173043e+21
1437.25522781 8.48904060075e+20 1.98803173043e+21
1445.51531533 8.48904060075e+20 1.98803173043e+21
1453.77540284 8.48904060075e+20 1.98803173043e+21
1462.03549036 8.41648469818e+20 1.98803173043e+21
1470.29557788 8.34392879561e+20 1.98803173043e+21
1478.55566539 8.19881699047e+20 1.98803173043e+21
1486.81575291 8.19881699047e+20 1.98803173043e+21
1495.07584042 8.19881699047e+20 1.98803173043e+21
1503.33592794 7.98114928275e+20 1.98803173043e+21
1511.59601546 7.90859338018e+20 1.98803173043e+21
1519.85610297 7.90859338018e+20 1.98803173043e+21
1528.11619049 7.90859338018e+20 1.98803173043e+21
1536.376278 7.90859338018e+20 1.98803173043e+21
1544.63636552 7.90859338018e+20 1.98803173043e+21
1552.89645304 7.98114928275e+20 1.98803173043e+21
1561.15654055 7.98114928275e+20 1.98803173043e+21
1569.41662807 7.98114928275e+20 1.98803173043e+21
1577.67671559 7.98114928275e+20 1.98803173043e+21
1585.9368031 7.98114928275e+20 1.98803173043e+21
1594.19689062 7.98114928275e+20 1.98803173043e+21
1602.45697813 7.98114928275e+20 1.98803173043e+21
1610.71706565 7.83603747761e+20 1.98803173043e+21
1618.97715317 7.90859338018e+20 1.98803173043e+21
1627.23724068 7.76348157504e+20 1.98803173043e+21
1635.4973282 7.76348157504e+20 1.98803173043e+21
1643.75741571 7.76348157504e+20 1.98803173043e+21
1652.01750323 7.76348157504e+20 1.98803173043e+21
1660.27759075 7.76348157504e+20 1.98803173043e+21
1668.53767826 7.76348157504e+20 1.98803173043e+21
1676.79776578 7.69092567247e+20 1.98803173043e+21
1685.05785329 7.69092567247e+20 1.98803173043e+21
1693.31794081 7.69092567247e+20 1.98803173043e+21
1701.57802833 7.69092567247e+20 1.98803173043e+21
1709.83811584 7.6183697699e+20 1.98803173043e+21
1718.09820336 7.54581386733e+20 1.98803173043e+21
1726.35829087 7.54581386733e+20 1.98803173043e+21
1734.61837839 7.54581386733e+20 1.98803173043e+21
1742.87846591 7.54581386733e+20 1.98803173043e+21
1751.13855342 7.54581386733e+20 1.98803173043e+21
1759.39864094 7.54581386733e+20 1.98803173043e+21
1767.65872845 7.47325796476e+20 1.98803173043e+21
1775.91881597 7.40070206219e+20 1.98803173043e+21
1784.17890349 7.25559025705e+20 1.98803173043e+21
1792.438991 7.25559025705e+20 1.98803173043e+21
1800.69907852 7.25559025705e+20 1.98803173043e+21
1808.95916604 7.25559025705e+20 1.98803173043e+21
1817.21925355 7.25559025705e+20 1.98803173043e+21
1825.47934107 7.25559025705e+20 1.98803173043e+21
1833.73942858 7.25559025705e+20 1.98803173043e+21
1841.9995161 7.25559025705e+20 1.98803173043e+21
1850.25960362 7.32814615962e+20 1.98803173043e+21
1858.51969113 7.40070206219e+20 1.98803173043e+21
1866.77977865 7.32814615962e+20 1.98803173043e+21
1875.03986616 7.32814615962e+20 1.98803173043e+21
1883.29995368 7.32814615962e+20 1.98803173043e+21
1891.5600412 7.32814615962e+20 1.98803173043e+21
1899.82012871 7.25559025705e+20 1.98803173043e+21
1908.08021623 7.18303435448e+20 1.98803173043e+21
1916.34030374 7.18303435448e+20 1.98803173043e+21
1924.60039126 7.25559025705e+20 1.98803173043e+21
1932.86047878 7.25559025705e+20 1.98803173043e+21
1941.12056629 7.32814615962e+20 1.98803173043e+21
1949.38065381 7.32814615962e+20 1.98803173043e+21
1957.64074132 7.18303435448e+20 1.98803173043e+21
1965.90082884 7.03792254934e+20 1.98803173043e+21
1974.16091636 7.03792254934e+20 1.98803173043e+21
1982.42100387 7.03792254934e+20 1.98803173043e+21
1990.68109139 7.03792254934e+20 1.98803173043e+21
1998.9411789 6.96536664677e+20 1.98803173043e+21
2007.20126642 6.96536664677e+20 1.98803173043e+21
2015.46135394 6.8928107442e+20 1.98803173043e+21
2023.72144145 6.96536664677e+20 1.98803173043e+21
2031.98152897 6.82025484163e+20 1.98803173043e+21
2040.24161649 6.74769893906e+20 1.98803173043e+21
2048.501704 6.67514303649e+20 1.98803173043e+21
2056.76179152 6.67514303649e+20 1.98803173043e+21
2065.02187903 6.67514303649e+20 1.98803173043e+21
2073.28196655 6.67514303649e+20 1.98803173043e+21
2081.54205407 6.67514303649e+20 1.98803173043e+21
2089.80214158 6.67514303649e+20 1.98803173043e+21
2098.0622291 6.67514303649e+20 1.98803173043e+21
2106.32231661 6.67514303649e+20 1.98803173043e+21
2114.58240413 6.60258713392e+20 1.98803173043e+21
2122.84249165 6.67514303649e+20 1.98803173043e+21
2131.10257916 6.67514303649e+20 1.98803173043e+21
2139.36266668 6.67514303649e+20 1.98803173043e+21
2147.62275419 6.60258713392e+20 1.98803173043e+21
2155.88284171 6.60258713392e+20 1.98803173043e+21
2164.14292923 6.60258713392e+20 1.98803173043e+21
2172.40301674 6.60258713392e+20 1.98803173043e+21
2180.66310426 6.60258713392e+20 1.98803173043e+21
2188.92319177 6.67514303649e+20 1.98803173043e+21
2197.18327929 6.67514303649e+20 1.98803173043e+21
2205.44336681 6.67514303649e+20 1.98803173043e+21
2213.70345432 6.67514303649e+20 1.98803173043e+21
2221.96354184 6.67514303649e+20 1.98803173043e+21
2230.22362935 6.67514303649e+20 1.98803173043e+21
2238.48371687 6.67514303649e+20 1.98803173043e+21
2246.74380439 6.53003123134e+20 1.98803173043e+21
2255.0038919 6.53003123134e+20 1.98803173043e+21
2263.26397942 6.45747532877e+20 1.98803173043e+21
2271.52406693 6.45747532877e+20 1.98803173043e+21
2279.78415445 6.45747532877e+20 1.98803173043e+21
2288.04424197 6.45747532877e+20 1.98803173043e+21
2296.30432948 6.45747532877e+20 1.98803173043e+21
2304.564417 6.45747532877e+20 1.98803173043e+21
2312.82450452 6.53003123134e+20 1.98803173043e+21
2321.08459203 6.53003123134e+20 1.98803173043e+21
2329.34467955 6.53003123134e+20 1.98803173043e+21
2337.60476706 6.53003123134e+20 1.98803173043e+21
2345.86485458 6.45747532877e+20 1.98803173043e+21
2354.1249421 6.45747532877e+20 1.98803173043e+21
2362.38502961 6.45747532877e+20 1.98803173043e+21
2370.64511713 6.45747532877e+20 1.98803173043e+21
2378.90520464 6.3849194262e+20 1.98803173043e+21
2387.16529216 6.3849194262e+20 1.98803173043e+21
2395.42537968 6.3849194262e+20 1.98803173043e+21
2403.68546719 6.3849194262e+20 1.98803173043e+21
2411.94555471 6.3849194262e+20 1.98803173043e+21
2420.20564222 6.31236352363e+20 1.98803173043e+21
2428.46572974 6.31236352363e+20 1.98803173043e+21
2436.72581726 6.31236352363e+20 1.98803173043e+21
2444.98590477 6.31236352363e+20 1.98803173043e+21
2453.24599229 6.31236352363e+20 1.98803173043e+21
2461.5060798 6.23980762106e+20 1.98803173043e+21
2469.76616732 6.23980762106e+20 1.98803173043e+21
2478.02625484 6.31236352363e+20 1.98803173043e+21
2486.28634235 6.31236352363e+20 1.98803173043e+21
2494.54642987 6.31236352363e+20 1.98803173043e+21
2502.80651738 6.23980762106e+20 1.98803173043e+21
2511.0666049 6.23980762106e+20 1.98803173043e+21
2519.32669242 6.23980762106e+20 1.98803173043e+21
2527.58677993 6.23980762106e+20 1.98803173043e+21
2535.84686745 6.23980762106e+20 1.98803173043e+21
2544.10695497 6.31236352363e+20 1.98803173043e+21
2552.36704248 6.23980762106e+20 1.98803173043e+21
2560.62713 6.23980762106e+20 1.98803173043e+21
2568.88721751 6.23980762106e+20 1.98803173043e+21
2577.14730503 6.23980762106e+20 1.98803173043e+21
2585.40739255 6.23980762106e+20 1.98803173043e+21
2593.66748006 6.23980762106e+20 1.98803173043e+21
2601.92756758 6.16725171849e+20 1.98803173043e+21
2610.18765509 6.09469581592e+20 1.98803173043e+21
2618.44774261 6.09469581592e+20 1.98803173043e+21
2626.70783013 6.09469581592e+20 1.98803173043e+21
2634.96791764 6.09469581592e+20 1.98803173043e+21
2643.22800516 6.09469581592e+20 1.98803173043e+21
2651.48809267 6.09469581592e+20 1.98803173043e+21
2659.74818019 6.09469581592e+20 1.98803173043e+21
2668.00826771 6.09469581592e+20 1.98803173043e+21
2676.26835522 5.94958401078e+20 1.98803173043e+21
2684.52844274 5.94958401078e+20 1.98803173043e+21
2692.78853025 5.94958401078e+20 1.98803173043e+21
2701.04861777 5.94958401078e+20 1.98803173043e+21
2709.30870529 5.94958401078e+20 1.98803173043e+21
2717.5687928 5.87702810821e+20 1.98803173043e+21
2725.82888032 6.02213991335e+20 1.98803173043e+21
2734.08896783 6.02213991335e+20 1.98803173043e+21
2742.34905535 6.02213991335e+20 1.98803173043e+21
2750.60914287 6.09469581592e+20 1.98803173043e+21
2758.86923038 6.09469581592e+20 1.98803173043e+21
2767.1293179 6.09469581592e+20 1.98803173043e+21
2775.38940542 6.09469581592e+20 1.98803173043e+21
2783.64949293 6.09469581592e+20 1.98803173043e+21
2791.90958045 6.09469581592e+20 1.98803173043e+21
2800.16966796 6.09469581592e+20 1.98803173043e+21
2808.42975548 6.16725171849e+20 1.98803173043e+21
2816.689843 6.16725171849e+20 1.98803173043e+21
2824.94993051 6.16725171849e+20 1.98803173043e+21
2833.21001803 6.16725171849e+20 1.98803173043e+21
2841.47010554 6.16725171849e+20 1.98803173043e+21
2849.73019306 6.16725171849e+20 1.98803173043e+21
2857.99028058 6.09469581592e+20 1.98803173043e+21
2866.25036809 6.09469581592e+20 1.98803173043e+21
2874.51045561 6.02213991335e+20 1.98803173043e+21
2882.77054312 6.02213991335e+20 1.98803173043e+21
2891.03063064 6.02213991335e+20 1.98803173043e+21
2899.29071816 5.94958401078e+20 1.98803173043e+21
2907.55080567 5.94958401078e+20 1.98803173043e+21
2915.81089319 5.80447220564e+20 1.98803173043e+21
2924.0709807 5.73191630307e+20 1.98803173043e+21
2932.33106822 5.73191630307e+20 1.98803173043e+21
2940.59115574 5.80447220564e+20 1.98803173043e+21
2948.85124325 5.80447220564e+20 1.98803173043e+21
2957.11133077 5.80447220564e+20 1.98803173043e+21
2965.37141828 5.87702810821e+20 1.98803173043e+21
2973.6315058 5.87702810821e+20 1.98803173043e+21
2981.89159332 5.87702810821e+20 1.98803173043e+21
2990.15168083 5.87702810821e+20 1.98803173043e+21
2998.41176835 5.87702810821e+20 1.98803173043e+21
3006.67185586 5.87702810821e+20 1.98803173043e+21
3014.93194338 5.87702810821e+20 1.98803173043e+21
3023.1920309 5.87702810821e+20 1.98803173043e+21
3031.45211841 5.87702810821e+20 1.98803173043e+21
3039.71220593 5.87702810821e+20 1.98803173043e+21
3047.97229345 5.80447220564e+20 1.98803173043e+21
3056.23238096 5.80447220564e+20 1.98803173043e+21
3064.49246848 5.73191630307e+20 1.98803173043e+21
3072.75255599 5.73191630307e+20 1.98803173043e+21
3081.01264351 5.73191630307e+20 1.98803173043e+21
3089.27273103 5.73191630307e+20 1.98803173043e+21
3097.53281854 5.6593604005e+20 1.98803173043e+21
3105.79290606 5.73191630307e+20 1.98803173043e+21
3114.05299357 5.73191630307e+20 1.98803173043e+21
3122.31308109 5.6593604005e+20 1.98803173043e+21
3130.57316861 5.6593604005e+20 1.98803173043e+21
3138.83325612 5.6593604005e+20 1.98803173043e+21
3147.09334364 5.6593604005e+20 1.98803173043e+21
3155.35343115 5.6593604005e+20 1.98803173043e+21
3163.61351867 5.6593604005e+20 1.98803173043e+21
3171.87360619 5.6593604005e+20 1.98803173043e+21
3180.1336937 5.6593604005e+20 1.98803173043e+21
3188.39378122 5.6593604005e+20 1.98803173043e+21
3196.65386873 5.6593604005e+20 1.98803173043e+21
3204.91395625 5.6593604005e+20 1.98803173043e+21
3213.17404377 5.6593604005e+20 1.98803173043e+21
3221.43413128 5.6593604005e+20 1.98803173043e+21
3229.6942188 5.6593604005e+20 1.98803173043e+21
3237.95430631 5.58680449793e+20 1.98803173043e+21
3246.21439383 5.58680449793e+20 1.98803173043e+21
3254.47448135 5.58680449793e+20 1.98803173043e+21
3262.73456886 5.58680449793e+20 1.98803173043e+21
3270.99465638 5.6593604005e+20 1.98803173043e+21
3279.2547439 5.6593604005e+20 1.98803173043e+21
3287.51483141 5.58680449793e+20 1.98803173043e+21
3295.77491893 5.51424859536e+20 1.98803173043e+21
3304.03500644 5.58680449793e+20 1.98803173043e+21
3312.29509396 5.6593604005e+20 1.98803173043e+21
3320.55518148 5.6593604005e+20 1.98803173043e+21
3328.81526899 5.6593604005e+20 1.98803173043e+21
3337.07535651 5.58680449793e+20 1.98803173043e+21
3345.33544402 5.58680449793e+20 1.98803173043e+21
3353.59553154 5.58680449793e+20 1.98803173043e+21
3361.85561906 5.58680449793e+20 1.98803173043e+21
3370.11570657 5.58680449793e+20 1.98803173043e+21
3378.37579409 5.51424859536e+20 1.98803173043e+21
3386.6358816 5.36913679022e+20 1.98803173043e+21
3394.89596912 5.36913679022e+20 1.98803173043e+21
3403.15605664 5.36913679022e+20 1.98803173043e+21
3411.41614415 5.29658088765e+20 1.98803173043e+21
3419.67623167 5.29658088765e+20 1.98803173043e+21
3427.93631918 5.29658088765e+20 1.98803173043e+21
3436.1964067 5.29658088765e+20 1.98803173043e+21
3444.45649422 5.15146908251e+20 1.98803173043e+21
3452.71658173 5.15146908251e+20 1.98803173043e+21
3460.97666925 5.15146908251e+20 1.98803173043e+21
3469.23675676 5.07891317993e+20 1.98803173043e+21
3477.49684428 5.07891317993e+20 1.98803173043e+21
3485.7569318 5.07891317993e+20 1.98803173043e+21
3494.01701931 5.15146908251e+20 1.98803173043e+21
3502.27710683 5.15146908251e+20 1.98803173043e+21
3510.53719435 5.15146908251e+20 1.98803173043e+21
3518.79728186 5.07891317993e+20 1.98803173043e+21
3527.05736938 5.07891317993e+20 1.98803173043e+21
3535.31745689 5.07891317993e+20 1.98803173043e+21
3543.57754441 5.07891317993e+20 1.98803173043e+21
3551.83763193 5.07891317993e+20 1.98803173043e+21
3560.09771944 5.07891317993e+20 1.98803173043e+21
3568.35780696 5.07891317993e+20 1.98803173043e+21
3576.61789447 5.07891317993e+20 1.98803173043e+21
3584.87798199 5.07891317993e+20 1.98803173043e+21
3593.13806951 5.07891317993e+20 1.98803173043e+21
3601.39815702 5.00635727736e+20 1.98803173043e+21
3609.65824454 5.00635727736e+20 1.98803173043e+21
3617.91833205 4.93380137479e+20 1.98803173043e+21
3626.17841957 4.93380137479e+20 1.98803173043e+21
3634.43850709 4.93380137479e+20 1.98803173043e+21
3642.6985946 4.86124547222e+20 1.98803173043e+21
3650.95868212 4.78868956965e+20 1.98803173043e+21
3659.21876963 4.78868956965e+20 1.98803173043e+21
3667.47885715 4.86124547222e+20 1.98803173043e+21
3675.73894467 4.86124547222e+20 1.98803173043e+21
3683.99903218 4.86124547222e+20 1.98803173043e+21
3692.2591197 4.86124547222e+20 1.98803173043e+21
3700.51920721 4.86124547222e+20 1.98803173043e+21
3708.77929473 4.86124547222e+20 1.98803173043e+21
3717.03938225 4.93380137479e+20 1.98803173043e+21
3725.29946976 4.93380137479e+20 1.98803173043e+21
3733.55955728 4.93380137479e+20 1.98803173043e+21
3741.81964479 4.93380137479e+20 1.98803173043e+21
3750.07973231 4.93380137479e+20 1.98803173043e+21
3758.33981983 4.86124547222e+20 1.98803173043e+21
3766.59990734 4.86124547222e+20 1.98803173043e+21
3774.85999486 4.86124547222e+20 1.98803173043e+21
3783.12008238 4.86124547222e+20 1.98803173043e+21
3791.38016989 4.86124547222e+20 1.98803173043e+21
3799.64025741 4.86124547222e+20 1.98803173043e+21
3807.90034492 4.86124547222e+20 1.98803173043e+21
3816.16043244 4.78868956965e+20 1.98803173043e+21
3824.42051996 4.86124547222e+20 1.98803173043e+21
3832.68060747 4.86124547222e+20 1.98803173043e+21
3840.94069499 4.86124547222e+20 1.98803173043e+21
3849.2007825 4.86124547222e+20 1.98803173043e+21
3857.46087002 4.86124547222e+20 1.98803173043e+21
3865.72095754 4.86124547222e+20 1.98803173043e+21
3873.98104505 4.86124547222e+20 1.98803173043e+21
3882.24113257 4.86124547222e+20 1.98803173043e+21
3890.50122008 4.86124547222e+20 1.98803173043e+21
3898.7613076 4.86124547222e+20 1.98803173043e+21
3907.02139512 4.86124547222e+20 1.98803173043e+21
3915.28148263 4.86124547222e+20 1.98803173043e+21
3923.54157015 4.86124547222e+20 1.98803173043e+21
3931.80165766 4.86124547222e+20 1.98803173043e+21
3940.06174518 4.86124547222e+20 1.98803173043e+21
3948.3218327 4.86124547222e+20 1.98803173043e+21
3956.58192021 4.86124547222e+20 1.98803173043e+21
3964.84200773 4.86124547222e+20 1.98803173043e+21
3973.10209524 4.86124547222e+20 1.98803173043e+21
3981.36218276 4.86124547222e+20 1.98803173043e+21
3989.62227028 4.93380137479e+20 1.98803173043e+21
3997.88235779 4.93380137479e+20 1.98803173043e+21
4006.14244531 4.93380137479e+20 1.98803173043e+21
4014.40253283 4.93380137479e+20 1.98803173043e+21
4022.66262034 4.93380137479e+20 1.98803173043e+21
4030.92270786 4.93380137479e+20 1.98803173043e+21
4039.18279537 4.93380137479e+20 1.98803173043e+21
4047.44288289 4.93380137479e+20 1.98803173043e+21
4055.70297041 4.93380137479e+20 1.98803173043e+21
4063.96305792 4.93380137479e+20 1.98803173043e+21
4072.22314544 4.93380137479e+20 1.98803173043e+21
4080.48323295 4.93380137479e+20 1.98803173043e+21
4088.74332047 4.93380137479e+20 1.98803173043e+21
4097.00340799 4.93380137479e+20 1.98803173043e+21
4105.2634955 4.93380137479e+20 1.98803173043e+21
4113.52358302 4.93380137479e+20 1.98803173043e+21
4121.78367053 4.86124547222e+20 1.98803173043e+21
4130.04375805 4.86124547222e+20 1.98803173043e+21
4138.30384557 4.86124547222e+20 1.98803173043e+21
4146.56393308 4.86124547222e+20 1.98803173043e+21
4154.8240206 4.86124547222e+20 1.98803173043e+21
4163.08410811 4.86124547222e+20 1.98803173043e+21
4171.34419563 4.86124547222e+20 1.98803173043e+21
4179.60428315 4.86124547222e+20 1.98803173043e+21
4187.86437066 4.86124547222e+20 1.98803173043e+21
4196.12445818 4.86124547222e+20 1.98803173043e+21
4204.38454569 4.86124547222e+20 1.98803173043e+21
4212.64463321 4.86124547222e+20 1.98803173043e+21
4220.90472073 4.86124547222e+20 1.98803173043e+21
4229.16480824 4.86124547222e+20 1.98803173043e+21
4237.42489576 4.86124547222e+20 1.98803173043e+21
4245.68498328 4.86124547222e+20 1.98803173043e+21
4253.94507079 4.86124547222e+20 1.98803173043e+21
4262.20515831 4.86124547222e+20 1.98803173043e+21
4270.46524582 4.86124547222e+20 1.98803173043e+21
4278.72533334 4.78868956965e+20 1.98803173043e+21
4286.98542086 4.78868956965e+20 1.98803173043e+21
4295.24550837 4.71613366708e+20 1.98803173043e+21
4303.50559589 4.71613366708e+20 1.98803173043e+21
4311.7656834 4.71613366708e+20 1.98803173043e+21
4320.02577092 4.71613366708e+20 1.98803173043e+21
4328.28585844 4.71613366708e+20 1.98803173043e+21
4336.54594595 4.71613366708e+20 1.98803173043e+21
4344.80603347 4.71613366708e+20 1.98803173043e+21
4353.06612098 4.71613366708e+20 1.98803173043e+21
4361.3262085 4.71613366708e+20 1.98803173043e+21
4369.58629602 4.71613366708e+20 1.98803173043e+21
4377.84638353 4.64357776451e+20 1.98803173043e+21
4386.10647105 4.64357776451e+20 1.98803173043e+21
4394.36655856 4.64357776451e+20 1.98803173043e+21
4402.62664608 4.64357776451e+20 1.98803173043e+21
4410.8867336 4.57102186194e+20 1.98803173043e+21
4419.14682111 4.57102186194e+20 1.98803173043e+21
4427.40690863 4.49846595937e+20 1.98803173043e+21
4435.66699614 4.49846595937e+20 1.98803173043e+21
4443.92708366 4.49846595937e+20 1.98803173043e+21
4452.18717118 4.49846595937e+20 1.98803173043e+21
4460.44725869 4.49846595937e+20 1.98803173043e+21
4468.70734621 4.49846595937e+20 1.98803173043e+21
4476.96743372 4.49846595937e+20 1.98803173043e+21
4485.22752124 4.49846595937e+20 1.98803173043e+21
4493.48760876 4.49846595937e+20 1.98803173043e+21
4501.74769627 4.49846595937e+20 1.98803173043e+21
4510.00778379 4.49846595937e+20 1.98803173043e+21
4518.26787131 4.49846595937e+20 1.98803173043e+21
4526.52795882 4.57102186194e+20 1.98803173043e+21
4534.78804634 4.57102186194e+20 1.98803173043e+21
4543.04813385 4.57102186194e+20 1.98803173043e+21
4551.30822137 4.57102186194e+20 1.98803173043e+21
4559.56830889 4.49846595937e+20 1.98803173043e+21
4567.8283964 4.57102186194e+20 1.98803173043e+21
4576.08848392 4.57102186194e+20 1.98803173043e+21
4584.34857143 4.57102186194e+20 1.98803173043e+21
4592.60865895 4.57102186194e+20 1.98803173043e+21
4600.86874647 4.57102186194e+20 1.98803173043e+21
4609.12883398 4.57102186194e+20 1.98803173043e+21
4617.3889215 4.57102186194e+20 1.98803173043e+21
4625.64900901 4.64357776451e+20 1.98803173043e+21
4633.90909653 4.71613366708e+20 1.98803173043e+21
4642.16918405 4.71613366708e+20 1.98803173043e+21
4650.42927156 4.71613366708e+20 1.98803173043e+21
4658.68935908 4.71613366708e+20 1.98803173043e+21
4666.94944659 4.71613366708e+20 1.98803173043e+21
4675.20953411 4.71613366708e+20 1.98803173043e+21
4683.46962163 4.71613366708e+20 1.98803173043e+21
4691.72970914 4.71613366708e+20 1.98803173043e+21
4699.98979666 4.71613366708e+20 1.98803173043e+21
4708.24988417 4.71613366708e+20 1.98803173043e+21
4716.50997169 4.71613366708e+20 1.98803173043e+21
4724.77005921 4.71613366708e+20 1.98803173043e+21
4733.03014672 4.71613366708e+20 1.98803173043e+21
4741.29023424 4.71613366708e+20 1.98803173043e+21
4749.55032176 4.71613366708e+20 1.98803173043e+21
4757.81040927 4.71613366708e+20 1.98803173043e+21
4766.07049679 4.71613366708e+20 1.98803173043e+21
4774.3305843 4.71613366708e+20 1.98803173043e+21
4782.59067182 4.71613366708e+20 1.98803173043e+21
4790.85075934 4.71613366708e+20 1.98803173043e+21
4799.11084685 4.71613366708e+20 1.98803173043e+21
4807.37093437 4.71613366708e+20 1.98803173043e+21
4815.63102188 4.71613366708e+20 1.98803173043e+21
4823.8911094 4.71613366708e+20 1.98803173043e+21
4832.15119692 4.71613366708e+20 1.98803173043e+21
4840.41128443 4.71613366708e+20 1.98803173043e+21
4848.67137195 4.71613366708e+20 1.98803173043e+21
4856.93145946 4.71613366708e+20 1.98803173043e+21
4865.19154698 4.71613366708e+20 1.98803173043e+21
4873.4516345 4.71613366708e+20 1.98803173043e+21
4881.71172201 4.71613366708e+20 1.98803173043e+21
4889.97180953 4.71613366708e+20 1.98803173043e+21
4898.23189704 4.71613366708e+20 1.98803173043e+21
4906.49198456 4.71613366708e+20 1.98803173043e+21
4914.75207208 4.71613366708e+20 1.98803173043e+21
4923.01215959 4.71613366708e+20 1.98803173043e+21
4931.27224711 4.71613366708e+20 1.98803173043e+21
4939.53233463 4.71613366708e+20 1.98803173043e+21
4947.79242214 4.71613366708e+20 1.98803173043e+21
4956.05250966 4.71613366708e+20 1.98803173043e+21
4964.31259718 4.71613366708e+20 1.98803173043e+21
4972.57268469 4.71613366708e+20 1.98803173043e+21
4980.83277221 4.71613366708e+20 1.98803173043e+21
4989.09285973 4.71613366708e+20 1.98803173043e+21
4997.35294724 4.71613366708e+20 1.98803173043e+21
5005.61303476 4.71613366708e+20 1.98803173043e+21
5013.87312228 4.71613366708e+20 1.98803173043e+21
5022.13320979 4.71613366708e+20 1.98803173043e+21
5030.39329731 4.71613366708e+20 1.98803173043e+21
5038.65338483 4.71613366708e+20 1.98803173043e+21
5046.91347234 4.71613366708e+20 1.98803173043e+21
5055.17355986 4.64357776451e+20 1.98803173043e+21
5063.43364738 4.64357776451e+20 1.98803173043e+21
5071.69373489 4.64357776451e+20 1.98803173043e+21
5079.95382241 4.64357776451e+20 1.98803173043e+21
5088.21390993 4.64357776451e+20 1.98803173043e+21
5096.47399744 4.64357776451e+20 1.98803173043e+21
5104.73408496 4.64357776451e+20 1.98803173043e+21
5112.99417248 4.64357776451e+20 1.98803173043e+21
5121.25425999 4.64357776451e+20 1.98803173043e+21
5129.51434751 4.64357776451e+20 1.98803173043e+21
5137.77443503 4.57102186194e+20 1.98803173043e+21
5146.03452254 4.57102186194e+20 1.98803173043e+21
5154.29461006 4.57102186194e+20 1.98803173043e+21
5162.55469758 4.57102186194e+20 1.98803173043e+21
5170.81478509 4.57102186194e+20 1.98803173043e+21
5179.07487261 4.57102186194e+20 1.98803173043e+21
5187.33496013 4.57102186194e+20 1.98803173043e+21
5195.59504764 4.57102186194e+20 1.98803173043e+21
5203.85513516 4.57102186194e+20 1.98803173043e+21
5212.11522268 4.57102186194e+20 1.98803173043e+21
5220.37531019 4.57102186194e+20 1.98803173043e+21
5228.63539771 4.57102186194e+20 1.98803173043e+21
5236.89548523 4.49846595937e+20 1.98803173043e+21
5245.15557274 4.49846595937e+20 1.98803173043e+21
5253.41566026 4.57102186194e+20 1.98803173043e+21
5261.67574777 4.57102186194e+20 1.98803173043e+21
5269.93583529 4.57102186194e+20 1.98803173043e+21
5278.19592281 4.57102186194e+20 1.98803173043e+21
5286.45601032 4.57102186194e+20 1.98803173043e+21
5294.71609784 4.57102186194e+20 1.98803173043e+21
5302.97618536 4.57102186194e+20 1.98803173043e+21
5311.23627287 4.57102186194e+20 1.98803173043e+21
5319.49636039 4.57102186194e+20 1.98803173043e+21
5327.75644791 4.57102186194e+20 1.98803173043e+21
5336.01653542 4.57102186194e+20 1.98803173043e+21
5344.27662294 4.57102186194e+20 1.98803173043e+21
5352.53671046 4.57102186194e+20 1.98803173043e+21
5360.79679797 4.57102186194e+20 1.98803173043e+21
5369.05688549 4.57102186194e+20 1.98803173043e+21
5377.31697301 4.57102186194e+20 1.98803173043e+21
5385.57706052 4.57102186194e+20 1.98803173043e+21
5393.83714804 4.57102186194e+20 1.98803173043e+21
5402.09723556 4.57102186194e+20 1.98803173043e+21
5410.35732307 4.57102186194e+20 1.98803173043e+21
5418.61741059 4.49846595937e+20 1.98803173043e+21
5426.87749811 4.49846595937e+20 1.98803173043e+21
5435.13758562 4.4259100568e+20 1.98803173043e+21
5443.39767314 4.4259100568e+20 1.98803173043e+21
5451.65776066 4.4259100568e+20 1.98803173043e+21
5459.91784817 4.4259100568e+20 1.98803173043e+21
5468.17793569 4.4259100568e+20 1.98803173043e+21
5476.43802321 4.4259100568e+20 1.98803173043e+21
5484.69811072 4.4259100568e+20 1.98803173043e+21
5492.95819824 4.4259100568e+20 1.98803173043e+21
5501.21828576 4.4259100568e+20 1.98803173043e+21
5509.47837327 4.4259100568e+20 1.98803173043e+21
5517.73846079 4.4259100568e+20 1.98803173043e+21
5525.99854831 4.4259100568e+20 1.98803173043e+21
5534.25863582 4.4259100568e+20 1.98803173043e+21
5542.51872334 4.4259100568e+20 1.98803173043e+21
5550.77881086 4.4259100568e+20 1.98803173043e+21
5559.03889837 4.4259100568e+20 1.98803173043e+21
5567.29898589 4.4259100568e+20 1.98803173043e+21
5575.55907341 4.4259100568e+20 1.98803173043e+21
5583.81916092 4.4259100568e+20 1.98803173043e+21
5592.07924844 4.35335415423e+20 1.98803173043e+21
5600.33933596 4.28079825166e+20 1.98803173043e+21
5608.59942347 4.28079825166e+20 1.98803173043e+21
5616.85951099 4.35335415423e+20 1.98803173043e+21
5625.11959851 4.35335415423e+20 1.98803173043e+21
5633.37968602 4.35335415423e+20 1.98803173043e+21
5641.63977354 4.35335415423e+20 1.98803173043e+21
5649.89986106 4.35335415423e+20 1.98803173043e+21
5658.15994857 4.35335415423e+20 1.98803173043e+21
5666.42003609 4.35335415423e+20 1.98803173043e+21
5674.68012361 4.35335415423e+20 1.98803173043e+21
5682.94021112 4.35335415423e+20 1.98803173043e+21
5691.20029864 4.35335415423e+20 1.98803173043e+21
5699.46038616 4.35335415423e+20 1.98803173043e+21
5707.72047367 4.20824234909e+20 1.98803173043e+21
5715.98056119 4.20824234909e+20 1.98803173043e+21
5724.24064871 4.20824234909e+20 1.98803173043e+21
5732.50073622 4.20824234909e+20 1.98803173043e+21
5740.76082374 4.20824234909e+20 1.98803173043e+21
5749.02091126 4.20824234909e+20 1.98803173043e+21
5757.28099877 4.20824234909e+20 1.98803173043e+21
5765.54108629 4.20824234909e+20 1.98803173043e+21
5773.8011738 4.20824234909e+20 1.98803173043e+21
5782.06126132 4.28079825166e+20 1.98803173043e+21
5790.32134884 4.28079825166e+20 1.98803173043e+21
5798.58143635 4.28079825166e+20 1.98803173043e+21
5806.84152387 4.28079825166e+20 1.98803173043e+21
5815.10161139 4.28079825166e+20 1.98803173043e+21
5823.3616989 4.28079825166e+20 1.98803173043e+21
5831.62178642 4.20824234909e+20 1.98803173043e+21
5839.88187394 4.20824234909e+20 1.98803173043e+21
5848.14196145 4.20824234909e+20 1.98803173043e+21
5856.40204897 4.20824234909e+20 1.98803173043e+21
5864.66213649 4.20824234909e+20 1.98803173043e+21
5872.922224 4.20824234909e+20 1.98803173043e+21
5881.18231152 4.20824234909e+20 1.98803173043e+21
5889.44239904 4.20824234909e+20 1.98803173043e+21
5897.70248655 4.20824234909e+20 1.98803173043e+21
5905.96257407 4.20824234909e+20 1.98803173043e+21
5914.22266159 4.20824234909e+20 1.98803173043e+21
5922.4827491 4.20824234909e+20 1.98803173043e+21
