0.0 0.0 3.38836065004e+21
8.26008751617 0.0 3.38836065004e+21
16.5201750323 0.0 3.38836065004e+21
24.7802625485 0.0 3.38836065004e+21
33.0403500647 0.0 3.38836065004e+21
41.3004375808 0.0 3.38836065004e+21
49.560525097 0.0 3.38836065004e+21
57.8206126132 0.0 3.38836065004e+21
66.0807001293 0.0 3.38836065004e+21
74.3407876455 0.0 3.38836065004e+21
82.6008751617 0.0 3.38836065004e+21
90.8609626779 0.0 3.38836065004e+21
99.121050194 0.0 3.38836065004e+21
107.38113771 0.0 3.38836065004e+21
115.641225226 0.0 3.38836065004e+21
123.901312743 0.0 3.38836065004e+21
132.161400259 0.0 3.38836065004e+21
140.421487775 0.0 3.38836065004e+21
148.681575291 0.0 3.38836065004e+21
156.941662807 0.0 3.38836065004e+21
165.201750323 0.0 3.38836065004e+21
173.46183784 0.0 3.38836065004e+21
181.721925356 0.0 3.38836065004e+21
189.982012872 0.0 3.38836065004e+21
198.242100388 0.0 3.38836065004e+21
206.502187904 0.0 3.38836065004e+21
214.76227542 0.0 3.38836065004e+21
223.022362937 0.0 3.38836065004e+21
231.282450453 0.0 3.38836065004e+21
239.542537969 0.0 3.38836065004e+21
247.802625485 0.0 3.38836065004e+21
256.062713001 0.0 3.38836065004e+21
264.322800517 0.0 3.38836065004e+21
272.582888034 0.0 3.38836065004e+21
280.84297555 0.0 3.38836065004e+21
289.103063066 0.0 3.38836065004e+21
297.363150582 0.0 3.38836065004e+21
305.623238098 0.0 3.38836065004e+21
313.883325614 0.0 3.38836065004e+21
322.143413131 0.0 3.38836065004e+21
330.403500647 0.0 3.38836065004e+21
338.663588163 0.0 3.38836065004e+21
346.923675679 0.0 3.38836065004e+21
355.183763195 0.0 3.38836065004e+21
363.443850711 0.0 3.38836065004e+21
371.703938227 0.0 3.38836065004e+21
379.964025743 0.0 3.38836065004e+21
388.22411326 0.0 3.38836065004e+21
396.484200776 0.0 3.38836065004e+21
404.744288292 0.0 3.38836065004e+21
413.004375808 0.0 3.38836065004e+21
421.264463324 0.0 3.38836065004e+21
429.52455084 0.0 3.38836065004e+21
437.784638356 0.0 3.38836065004e+21
446.044725873 0.0 3.38836065004e+21
454.304813389 0.0 3.38836065004e+21
462.564900905 0.0 3.38836065004e+21
470.824988421 0.0 3.38836065004e+21
479.085075937 0.0 3.38836065004e+21
487.345163453 0.0 3.38836065004e+21
495.605250969 0.0 3.38836065004e+21
503.865338486 0.0 3.38836065004e+21
512.125426002 0.0 3.38836065004e+21
520.385513518 0.0 3.38836065004e+21
528.645601034 0.0 3.38836065004e+21
536.90568855 0.0 3.38836065004e+21
545.165776066 0.0 3.38836065004e+21
553.425863582 0.0 3.38836065004e+21
561.685951098 0.0 3.38836065004e+21
569.946038615 0.0 3.38836065004e+21
578.206126131 0.0 3.38836065004e+21
586.466213647 0.0 3.38836065004e+21
594.726301163 0.0 3.38836065004e+21
602.986388679 0.0 3.38836065004e+21
611.246476195 0.0 3.38836065004e+21
619.506563711 0.0 3.38836065004e+21
627.766651228 0.0 3.38836065004e+21
636.026738744 0.0 3.38836065004e+21
644.28682626 4.4259100568e+20 2.90949169308e+21
652.546913776 4.28079825166e+20 2.88772492231e+21
660.807001292 4.28079825166e+20 2.88772492231e+21
669.067088809 4.20824234909e+20 2.88046933205e+21
677.327176325 4.28079825166e+20 2.86595815153e+21
685.587263841 4.20824234909e+20 2.87321374179e+21
693.847351357 4.20824234909e+20 2.86595815153e+21
702.107438874 4.28079825166e+20 2.85144697102e+21
710.36752639 4.35335415423e+20 2.83693579051e+21
718.627613906 4.35335415423e+20 2.82968020025e+21
726.887701422 4.28079825166e+20 2.82242460999e+21
735.147788938 4.35335415423e+20 2.80791342948e+21
743.407876455 4.35335415423e+20 2.80065783922e+21
751.667963971 4.35335415423e+20 2.79340224896e+21
759.928051487 4.13568644652e+20 2.79340224896e+21
768.188139003 4.13568644652e+20 2.78614665871e+21
776.448226519 4.20824234909e+20 2.77889106845e+21
784.708314036 4.20824234909e+20 2.77163547819e+21
792.968401552 4.28079825166e+20 2.76437988794e+21
801.228489068 4.28079825166e+20 2.75712429768e+21
809.488576584 4.20824234909e+20 2.76437988794e+21
817.7486641 4.20824234909e+20 2.76437988794e+21
826.008751617 4.35335415423e+20 2.74986870742e+21
834.268839133 4.28079825166e+20 2.74986870742e+21
842.528926649 4.35335415423e+20 2.73535752691e+21
850.789014165 4.35335415423e+20 2.73535752691e+21
859.049101681 4.4259100568e+20 2.73535752691e+21
867.309189198 4.4259100568e+20 2.72084634639e+21
875.569276714 4.49846595937e+20 2.72084634639e+21
883.82936423 4.49846595937e+20 2.72084634639e+21
892.089451746 4.57102186194e+20 2.72084634639e+21
900.349539262 4.64357776451e+20 2.72810193665e+21
908.609626779 4.78868956965e+20 2.71359075614e+21
916.869714295 4.86124547222e+20 2.71359075614e+21
925.129801811 4.93380137479e+20 2.70633516588e+21
933.389889327 4.93380137479e+20 2.70633516588e+21
941.649976843 5.07891317993e+20 2.69182398537e+21
949.91006436 5.07891317993e+20 2.69182398537e+21
958.170151876 5.00635727736e+20 2.69182398537e+21
966.430239392 5.15146908251e+20 2.69182398537e+21
974.690326908 5.22402498508e+20 2.68456839511e+21
982.950414424 5.22402498508e+20 2.68456839511e+21
991.210501941 5.22402498508e+20 2.68456839511e+21
999.470589457 5.22402498508e+20 2.68456839511e+21
1007.73067697 5.22402498508e+20 2.68456839511e+21
1015.99076449 5.29658088765e+20 2.68456839511e+21
1024.25085201 5.29658088765e+20 2.68456839511e+21
1032.51093952 5.70068311425e+20 2.67731280485e+21
1040.77102704 5.70068311425e+20 2.67731280485e+21
1049.03111455 5.84579491939e+20 2.67005721459e+21
1057.29120207 5.84579491939e+20 2.67005721459e+21
1065.55128959 5.84579491939e+20 2.67005721459e+21
1073.8113771 5.99090672453e+20 2.67005721459e+21
1082.07146462 5.99090672453e+20 2.67005721459e+21
1090.33155214 6.0634626271e+20 2.67005721459e+21
1098.59163965 6.13601852967e+20 2.66280162434e+21
1106.85172717 6.13601852967e+20 2.66280162434e+21
1115.11181468 6.13601852967e+20 2.66280162434e+21
1123.3719022 6.13601852967e+20 2.66280162434e+21
1131.63198972 6.13601852967e+20 2.66280162434e+21
1139.89207723 6.20857443224e+20 2.66280162434e+21
1148.15216475 6.20857443224e+20 2.66280162434e+21
1156.41225226 6.20857443224e+20 2.66280162434e+21
1164.67233978 6.20857443224e+20 2.66280162434e+21
1172.9324273 6.20857443224e+20 2.66280162434e+21
1181.19251481 6.20857443224e+20 2.66280162434e+21
1189.45260233 6.20857443224e+20 2.66280162434e+21
1197.71268985 6.20857443224e+20 2.66280162434e+21
1205.97277736 6.20857443224e+20 2.66280162434e+21
1214.23286488 6.20857443224e+20 2.66280162434e+21
1222.49295239 6.13601852967e+20 2.66280162434e+21
1230.75303991 6.13601852967e+20 2.66280162434e+21
1239.01312743 6.20857443224e+20 2.66280162434e+21
1247.27321494 6.20857443224e+20 2.66280162434e+21
1255.53330246 6.20857443224e+20 2.66280162434e+21
1263.79338997 6.13601852967e+20 2.66280162434e+21
1272.05347749 6.0634626271e+20 2.66280162434e+21
1280.31356501 5.99090672453e+20 2.66280162434e+21
1288.57365252 5.99090672453e+20 2.66280162434e+21
1296.83374004 5.99090672453e+20 2.66280162434e+21
1305.09382756 5.99090672453e+20 2.66280162434e+21
1313.35391507 5.91835082196e+20 2.66280162434e+21
1321.61400259 5.91835082196e+20 2.66280162434e+21
1329.8740901 5.84579491939e+20 2.66280162434e+21
1338.13417762 5.84579491939e+20 2.66280162434e+21
1346.39426514 5.84579491939e+20 2.66280162434e+21
1354.65435265 5.70068311425e+20 2.66280162434e+21
1362.91444017 5.70068311425e+20 2.66280162434e+21
1371.17452768 5.62812721168e+20 2.66280162434e+21
1379.4346152 5.62812721168e+20 2.66280162434e+21
1387.69470272 5.70068311425e+20 2.66280162434e+21
1395.95479023 5.70068311425e+20 2.66280162434e+21
1404.21487775 5.70068311425e+20 2.66280162434e+21
1412.47496526 5.70068311425e+20 2.66280162434e+21
1420.73505278 5.70068311425e+20 2.66280162434e+21
1428.9951403 5.77323901682e+20 2.66280162434e+21
1437.25522781 5.77323901682e+20 2.66280162434e+21
1445.51531533 5.77323901682e+20 2.66280162434e+21
1453.77540284 5.70068311425e+20 2.66280162434e+21
1462.03549036 5.70068311425e+20 2.66280162434e+21
1470.29557788 5.70068311425e+20 2.66280162434e+21
1478.55566539 5.70068311425e+20 2.66280162434e+21
1486.81575291 5.70068311425e+20 2.66280162434e+21
1495.07584042 5.77323901682e+20 2.66280162434e+21
1503.33592794 5.77323901682e+20 2.66280162434e+21
1511.59601546 5.77323901682e+20 2.66280162434e+21
1519.85610297 5.77323901682e+20 2.66280162434e+21
1528.11619049 5.77323901682e+20 2.66280162434e+21
1536.376278 5.77323901682e+20 2.66280162434e+21
1544.63636552 5.70068311425e+20 2.66280162434e+21
1552.89645304 5.70068311425e+20 2.66280162434e+21
1561.15654055 5.70068311425e+20 2.66280162434e+21
1569.41662807 5.77323901682e+20 2.66280162434e+21
1577.67671559 5.77323901682e+20 2.66280162434e+21
1585.9368031 5.77323901682e+20 2.66280162434e+21
1594.19689062 5.77323901682e+20 2.66280162434e+21
1602.45697813 5.77323901682e+20 2.66280162434e+21
1610.71706565 5.77323901682e+20 2.66280162434e+21
1618.97715317 5.77323901682e+20 2.66280162434e+21
1627.23724068 5.77323901682e+20 2.66280162434e+21
1635.4973282 5.84579491939e+20 2.66280162434e+21
1643.75741571 5.84579491939e+20 2.66280162434e+21
1652.01750323 5.91835082196e+20 2.66280162434e+21
1660.27759075 5.84579491939e+20 2.67005721459e+21
1668.53767826 5.84579491939e+20 2.67005721459e+21
1676.79776578 5.84579491939e+20 2.67005721459e+21
1685.05785329 5.84579491939e+20 2.67005721459e+21
1693.31794081 5.84579491939e+20 2.67005721459e+21
1701.57802833 5.84579491939e+20 2.67005721459e+21
1709.83811584 5.84579491939e+20 2.67005721459e+21
1718.09820336 5.77323901682e+20 2.67005721459e+21
1726.35829087 5.77323901682e+20 2.67005721459e+21
1734.61837839 5.77323901682e+20 2.67005721459e+21
1742.87846591 5.36913679022e+20 2.67005721459e+21
1751.13855342 5.36913679022e+20 2.67005721459e+21
1759.39864094 5.29658088765e+20 2.67005721459e+21
1767.65872845 5.29658088765e+20 2.67005721459e+21
1775.91881597 5.29658088765e+20 2.67005721459e+21
1784.17890349 5.29658088765e+20 2.67005721459e+21
1792.438991 5.29658088765e+20 2.67005721459e+21
1800.69907852 5.22402498508e+20 2.67005721459e+21
1808.95916604 5.15146908251e+20 2.67005721459e+21
1817.21925355 5.15146908251e+20 2.67005721459e+21
1825.47934107 5.15146908251e+20 2.67005721459e+21
1833.73942858 5.15146908251e+20 2.67005721459e+21
1841.9995161 5.15146908251e+20 2.67005721459e+21
1850.25960362 4.93380137479e+20 2.67005721459e+21
1858.51969113 5.00635727736e+20 2.67005721459e+21
1866.77977865 5.00635727736e+20 2.67005721459e+21
1875.03986616 5.00635727736e+20 2.67005721459e+21
1883.29995368 5.00635727736e+20 2.67005721459e+21
1891.5600412 5.00635727736e+20 2.67005721459e+21
1899.82012871 5.41045950397e+20 2.67005721459e+21
1908.08021623 5.41045950397e+20 2.67005721459e+21
1916.34030374 5.41045950397e+20 2.67005721459e+21
1924.60039126 5.41045950397e+20 2.67005721459e+21
1932.86047878 5.41045950397e+20 2.67005721459e+21
1941.12056629 5.41045950397e+20 2.67005721459e+21
1949.38065381 5.3379036014e+20 2.67005721459e+21
1957.64074132 5.3379036014e+20 2.67005721459e+21
1965.90082884 5.3379036014e+20 2.67005721459e+21
1974.16091636 5.3379036014e+20 2.67005721459e+21
1982.42100387 5.26534769883e+20 2.67005721459e+21
1990.68109139 5.26534769883e+20 2.67005721459e+21
1998.9411789 5.19279179626e+20 2.67005721459e+21
2007.20126642 5.19279179626e+20 2.67005721459e+21
2015.46135394 5.19279179626e+20 2.67005721459e+21
2023.72144145 5.19279179626e+20 2.67005721459e+21
2031.98152897 5.19279179626e+20 2.67005721459e+21
2040.24161649 5.19279179626e+20 2.67005721459e+21
2048.501704 5.26534769883e+20 2.67005721459e+21
2056.76179152 5.26534769883e+20 2.67005721459e+21
2065.02187903 5.26534769883e+20 2.67005721459e+21
2073.28196655 5.26534769883e+20 2.67005721459e+21
2081.54205407 5.26534769883e+20 2.67005721459e+21
2089.80214158 5.26534769883e+20 2.67005721459e+21
2098.0622291 5.26534769883e+20 2.67005721459e+21
2106.32231661 5.26534769883e+20 2.67005721459e+21
2114.58240413 5.3379036014e+20 2.67005721459e+21
2122.84249165 5.3379036014e+20 2.67005721459e+21
2131.10257916 5.3379036014e+20 2.67005721459e+21
2139.36266668 5.3379036014e+20 2.67005721459e+21
2147.62275419 5.26534769883e+20 2.67005721459e+21
2155.88284171 5.26534769883e+20 2.67005721459e+21
2164.14292923 5.26534769883e+20 2.67005721459e+21
2172.40301674 5.3379036014e+20 2.67005721459e+21
2180.66310426 5.3379036014e+20 2.67005721459e+21
2188.92319177 5.26534769883e+20 2.67005721459e+21
2197.18327929 5.26534769883e+20 2.67005721459e+21
2205.44336681 5.26534769883e+20 2.67005721459e+21
2213.70345432 5.26534769883e+20 2.67005721459e+21
2221.96354184 5.26534769883e+20 2.67005721459e+21
2230.22362935 5.26534769883e+20 2.67005721459e+21
2238.48371687 5.3379036014e+20 2.67005721459e+21
2246.74380439 5.3379036014e+20 2.67005721459e+21
2255.0038919 5.3379036014e+20 2.67005721459e+21
2263.26397942 5.3379036014e+20 2.67005721459e+21
2271.52406693 5.3379036014e+20 2.67005721459e+21
2279.78415445 5.3379036014e+20 2.67005721459e+21
2288.04424197 5.26534769883e+20 2.67005721459e+21
2296.30432948 5.26534769883e+20 2.67005721459e+21
2304.564417 5.26534769883e+20 2.67005721459e+21
2312.82450452 5.26534769883e+20 2.67005721459e+21
2321.08459203 5.26534769883e+20 2.67005721459e+21
2329.34467955 5.26534769883e+20 2.67005721459e+21
2337.60476706 5.26534769883e+20 2.67005721459e+21
2345.86485458 5.26534769883e+20 2.67005721459e+21
2354.1249421 5.26534769883e+20 2.67005721459e+21
2362.38502961 5.26534769883e+20 2.67005721459e+21
2370.64511713 5.26534769883e+20 2.67005721459e+21
2378.90520464 5.26534769883e+20 2.67005721459e+21
2387.16529216 5.26534769883e+20 2.67005721459e+21
2395.42537968 5.26534769883e+20 2.67005721459e+21
2403.68546719 5.26534769883e+20 2.67005721459e+21
2411.94555471 5.26534769883e+20 2.67005721459e+21
2420.20564222 5.26534769883e+20 2.67005721459e+21
2428.46572974 5.26534769883e+20 2.67005721459e+21
2436.72581726 5.26534769883e+20 2.67005721459e+21
2444.98590477 5.26534769883e+20 2.67005721459e+21
2453.24599229 5.26534769883e+20 2.67005721459e+21
2461.5060798 5.26534769883e+20 2.67005721459e+21
2469.76616732 5.3379036014e+20 2.67005721459e+21
2478.02625484 5.3379036014e+20 2.67005721459e+21
2486.28634235 5.3379036014e+20 2.67005721459e+21
2494.54642987 5.26534769883e+20 2.67005721459e+21
2502.80651738 5.19279179626e+20 2.67005721459e+21
2511.0666049 5.19279179626e+20 2.67005721459e+21
2519.32669242 5.19279179626e+20 2.67005721459e+21
2527.58677993 5.19279179626e+20 2.67005721459e+21
2535.84686745 5.26534769883e+20 2.67005721459e+21
2544.10695497 5.26534769883e+20 2.67005721459e+21
2552.36704248 5.26534769883e+20 2.67005721459e+21
2560.62713 5.26534769883e+20 2.67005721459e+21
2568.88721751 5.26534769883e+20 2.67005721459e+21
2577.14730503 4.86124547222e+20 2.67005721459e+21
2585.40739255 4.86124547222e+20 2.67005721459e+21
2593.66748006 4.86124547222e+20 2.67005721459e+21
2601.92756758 4.86124547222e+20 2.67005721459e+21
2610.18765509 4.86124547222e+20 2.67005721459e+21
2618.44774261 4.86124547222e+20 2.67005721459e+21
2626.70783013 4.86124547222e+20 2.67005721459e+21
2634.96791764 4.78868956965e+20 2.67005721459e+21
2643.22800516 4.78868956965e+20 2.67005721459e+21
2651.48809267 4.78868956965e+20 2.67005721459e+21
2659.74818019 4.78868956965e+20 2.67005721459e+21
2668.00826771 4.78868956965e+20 2.67005721459e+21
2676.26835522 4.78868956965e+20 2.67005721459e+21
2684.52844274 4.78868956965e+20 2.67005721459e+21
2692.78853025 4.64357776451e+20 2.67005721459e+21
2701.04861777 4.64357776451e+20 2.67005721459e+21
2709.30870529 4.64357776451e+20 2.67005721459e+21
2717.5687928 4.64357776451e+20 2.67005721459e+21
2725.82888032 4.64357776451e+20 2.67005721459e+21
2734.08896783 5.04767999111e+20 2.67005721459e+21
2742.34905535 5.04767999111e+20 2.67005721459e+21
2750.60914287 5.04767999111e+20 2.67005721459e+21
2758.86923038 5.04767999111e+20 2.67005721459e+21
2767.1293179 5.04767999111e+20 2.67005721459e+21
2775.38940542 5.04767999111e+20 2.67005721459e+21
2783.64949293 5.12023589369e+20 2.67005721459e+21
2791.90958045 5.12023589369e+20 2.67005721459e+21
2800.16966796 5.12023589369e+20 2.67005721459e+21
2808.42975548 5.12023589369e+20 2.67005721459e+21
2816.689843 5.12023589369e+20 2.67005721459e+21
2824.94993051 5.12023589369e+20 2.67005721459e+21
2833.21001803 5.12023589369e+20 2.67005721459e+21
2841.47010554 5.04767999111e+20 2.67005721459e+21
2849.73019306 4.97512408854e+20 2.67005721459e+21
2857.99028058 4.97512408854e+20 2.67005721459e+21
2866.25036809 4.97512408854e+20 2.67005721459e+21
2874.51045561 4.97512408854e+20 2.67005721459e+21
2882.77054312 4.97512408854e+20 2.67005721459e+21
2891.03063064 4.97512408854e+20 2.67005721459e+21
2899.29071816 4.97512408854e+20 2.67005721459e+21
2907.55080567 4.97512408854e+20 2.67005721459e+21
2915.81089319 5.04767999111e+20 2.67005721459e+21
2924.0709807 5.04767999111e+20 2.67005721459e+21
2932.33106822 5.04767999111e+20 2.67005721459e+21
2940.59115574 5.04767999111e+20 2.67005721459e+21
2948.85124325 4.97512408854e+20 2.67005721459e+21
2957.11133077 4.97512408854e+20 2.67005721459e+21
2965.37141828 4.97512408854e+20 2.67005721459e+21
2973.6315058 4.97512408854e+20 2.67005721459e+21
2981.89159332 4.97512408854e+20 2.67005721459e+21
2990.15168083 4.97512408854e+20 2.67005721459e+21
2998.41176835 4.97512408854e+20 2.67005721459e+21
3006.67185586 4.97512408854e+20 2.67005721459e+21
3014.93194338 4.97512408854e+20 2.67005721459e+21
3023.1920309 4.97512408854e+20 2.67005721459e+21
3031.45211841 4.97512408854e+20 2.67005721459e+21
3039.71220593 4.97512408854e+20 2.67005721459e+21
3047.97229345 4.97512408854e+20 2.67005721459e+21
3056.23238096 4.97512408854e+20 2.67005721459e+21
3064.49246848 4.8300122834e+20 2.67005721459e+21
3072.75255599 4.8300122834e+20 2.67005721459e+21
3081.01264351 4.8300122834e+20 2.67005721459e+21
3089.27273103 4.8300122834e+20 2.67005721459e+21
3097.53281854 4.8300122834e+20 2.67005721459e+21
3105.79290606 4.8300122834e+20 2.67005721459e+21
3114.05299357 4.8300122834e+20 2.67005721459e+21
3122.31308109 4.8300122834e+20 2.67005721459e+21
3130.57316861 4.75745638083e+20 2.67005721459e+21
3138.83325612 4.68490047826e+20 2.67005721459e+21
3147.09334364 4.68490047826e+20 2.67005721459e+21
3155.35343115 4.68490047826e+20 2.67005721459e+21
3163.61351867 4.68490047826e+20 2.67005721459e+21
3171.87360619 4.68490047826e+20 2.67005721459e+21
3180.1336937 4.68490047826e+20 2.67005721459e+21
3188.39378122 4.68490047826e+20 2.67005721459e+21
3196.65386873 4.68490047826e+20 2.67005721459e+21
3204.91395625 4.61234457569e+20 2.67005721459e+21
3213.17404377 4.68490047826e+20 2.67005721459e+21
3221.43413128 4.68490047826e+20 2.67005721459e+21
3229.6942188 4.68490047826e+20 2.67005721459e+21
3237.95430631 4.68490047826e+20 2.67005721459e+21
3246.21439383 4.68490047826e+20 2.67005721459e+21
3254.47448135 4.68490047826e+20 2.67005721459e+21
3262.73456886 4.68490047826e+20 2.67005721459e+21
3270.99465638 4.68490047826e+20 2.67005721459e+21
3279.2547439 4.68490047826e+20 2.67005721459e+21
3287.51483141 4.68490047826e+20 2.67005721459e+21
3295.77491893 4.68490047826e+20 2.67005721459e+21
3304.03500644 4.68490047826e+20 2.67005721459e+21
3312.29509396 4.68490047826e+20 2.67005721459e+21
3320.55518148 4.68490047826e+20 2.67005721459e+21
3328.81526899 4.68490047826e+20 2.67005721459e+21
3337.07535651 4.68490047826e+20 2.67005721459e+21
3345.33544402 4.61234457569e+20 2.67005721459e+21
3353.59553154 4.61234457569e+20 2.67005721459e+21
3361.85561906 4.20824234909e+20 2.67005721459e+21
3370.11570657 4.20824234909e+20 2.67005721459e+21
3378.37579409 4.20824234909e+20 2.67005721459e+21
3386.6358816 4.20824234909e+20 2.67005721459e+21
3394.89596912 4.28079825166e+20 2.67005721459e+21
3403.15605664 4.20824234909e+20 2.67005721459e+21
3411.41614415 4.20824234909e+20 2.67005721459e+21
3419.67623167 4.13568644652e+20 2.67005721459e+21
3427.93631918 4.13568644652e+20 2.67005721459e+21
3436.1964067 4.13568644652e+20 2.67005721459e+21
3444.45649422 4.13568644652e+20 2.67005721459e+21
3452.71658173 4.13568644652e+20 2.67005721459e+21
3460.97666925 4.13568644652e+20 2.67005721459e+21
3469.23675676 4.13568644652e+20 2.67005721459e+21
3477.49684428 4.13568644652e+20 2.67005721459e+21
3485.7569318 4.13568644652e+20 2.67005721459e+21
3494.01701931 4.13568644652e+20 2.67005721459e+21
3502.27710683 4.13568644652e+20 2.67005721459e+21
3510.53719435 4.20824234909e+20 2.67005721459e+21
3518.79728186 4.20824234909e+20 2.67005721459e+21
3527.05736938 4.20824234909e+20 2.67005721459e+21
3535.31745689 4.20824234909e+20 2.67005721459e+21
3543.57754441 4.20824234909e+20 2.67005721459e+21
3551.83763193 4.20824234909e+20 2.67005721459e+21
3560.09771944 4.20824234909e+20 2.67005721459e+21
3568.35780696 4.20824234909e+20 2.67005721459e+21
3576.61789447 4.20824234909e+20 2.67005721459e+21
3584.87798199 4.20824234909e+20 2.67005721459e+21
3593.13806951 4.13568644652e+20 2.67005721459e+21
3601.39815702 4.13568644652e+20 2.67005721459e+21
3609.65824454 4.13568644652e+20 2.67005721459e+21
3617.91833205 4.13568644652e+20 2.67005721459e+21
3626.17841957 4.13568644652e+20 2.67005721459e+21
3634.43850709 4.13568644652e+20 2.67005721459e+21
3642.6985946 4.13568644652e+20 2.67005721459e+21
3650.95868212 4.13568644652e+20 2.67005721459e+21
3659.21876963 4.13568644652e+20 2.67005721459e+21
3667.47885715 4.13568644652e+20 2.67005721459e+21
3675.73894467 4.06313054395e+20 2.67005721459e+21
3683.99903218 4.06313054395e+20 2.67005721459e+21
3692.2591197 4.06313054395e+20 2.67005721459e+21
3700.51920721 3.99057464138e+20 2.67005721459e+21
3708.77929473 3.99057464138e+20 2.67005721459e+21
3717.03938225 3.91801873881e+20 2.67005721459e+21
3725.29946976 3.91801873881e+20 2.67005721459e+21
3733.55955728 3.99057464138e+20 2.67005721459e+21
3741.81964479 3.99057464138e+20 2.67005721459e+21
3750.07973231 3.99057464138e+20 2.67005721459e+21
3758.33981983 3.99057464138e+20 2.67005721459e+21
3766.59990734 3.91801873881e+20 2.67005721459e+21
3774.85999486 3.91801873881e+20 2.67005721459e+21
3783.12008238 3.91801873881e+20 2.67005721459e+21
3791.38016989 3.91801873881e+20 2.67005721459e+21
3799.64025741 3.91801873881e+20 2.67005721459e+21
3807.90034492 3.91801873881e+20 2.67005721459e+21
3816.16043244 3.91801873881e+20 2.67005721459e+21
3824.42051996 3.91801873881e+20 2.67005721459e+21
3832.68060747 3.77290693367e+20 2.67005721459e+21
3840.94069499 3.77290693367e+20 2.67005721459e+21
3849.2007825 3.77290693367e+20 2.67005721459e+21
3857.46087002 3.77290693367e+20 2.67005721459e+21
3865.72095754 3.77290693367e+20 2.67005721459e+21
3873.98104505 3.84546283624e+20 2.67005721459e+21
3882.24113257 3.91801873881e+20 2.67005721459e+21
3890.50122008 3.91801873881e+20 2.67005721459e+21
3898.7613076 3.91801873881e+20 2.67005721459e+21
3907.02139512 3.91801873881e+20 2.67005721459e+21
3915.28148263 3.91801873881e+20 2.67005721459e+21
3923.54157015 3.91801873881e+20 2.67005721459e+21
3931.80165766 3.91801873881e+20 2.67005721459e+21
3940.06174518 3.91801873881e+20 2.67005721459e+21
3948.3218327 3.91801873881e+20 2.67005721459e+21
3956.58192021 3.91801873881e+20 2.67005721459e+21
3964.84200773 3.91801873881e+20 2.67005721459e+21
3973.10209524 3.91801873881e+20 2.67005721459e+21
3981.36218276 3.91801873881e+20 2.67005721459e+21
3989.62227028 3.91801873881e+20 2.67005721459e+21
3997.88235779 3.99057464138e+20 2.67005721459e+21
4006.14244531 3.99057464138e+20 2.67005721459e+21
4014.40253283 3.99057464138e+20 2.67005721459e+21
4022.66262034 3.91801873881e+20 2.67005721459e+21
4030.92270786 3.91801873881e+20 2.67005721459e+21
4039.18279537 3.91801873881e+20 2.67005721459e+21
4047.44288289 3.99057464138e+20 2.67005721459e+21
4055.70297041 3.99057464138e+20 2.67005721459e+21
4063.96305792 3.99057464138e+20 2.67005721459e+21
4072.22314544 3.99057464138e+20 2.67005721459e+21
4080.48323295 3.99057464138e+20 2.67005721459e+21
4088.74332047 3.99057464138e+20 2.67005721459e+21
4097.00340799 3.99057464138e+20 2.67005721459e+21
4105.2634955 3.99057464138e+20 2.67005721459e+21
4113.52358302 3.99057464138e+20 2.67005721459e+21
4121.78367053 3.99057464138e+20 2.67005721459e+21
4130.04375805 3.99057464138e+20 2.67005721459e+21
4138.30384557 3.99057464138e+20 2.67005721459e+21
4146.56393308 3.99057464138e+20 2.67005721459e+21
4154.8240206 3.99057464138e+20 2.67005721459e+21
4163.08410811 3.99057464138e+20 2.67005721459e+21
4171.34419563 3.99057464138e+20 2.67005721459e+21
4179.60428315 3.99057464138e+20 2.67005721459e+21
4187.86437066 3.99057464138e+20 2.67005721459e+21
4196.12445818 3.99057464138e+20 2.67005721459e+21
4204.38454569 3.99057464138e+20 2.67005721459e+21
4212.64463321 3.99057464138e+20 2.67005721459e+21
4220.90472073 4.06313054395e+20 2.67005721459e+21
4229.16480824 4.06313054395e+20 2.67005721459e+21
4237.42489576 4.06313054395e+20 2.67005721459e+21
4245.68498328 4.06313054395e+20 2.67005721459e+21
4253.94507079 4.06313054395e+20 2.67005721459e+21
4262.20515831 4.06313054395e+20 2.67005721459e+21
4270.46524582 4.06313054395e+20 2.67005721459e+21
4278.72533334 4.06313054395e+20 2.67005721459e+21
4286.98542086 4.06313054395e+20 2.67005721459e+21
4295.24550837 4.06313054395e+20 2.67005721459e+21
4303.50559589 4.06313054395e+20 2.67005721459e+21
4311.7656834 4.06313054395e+20 2.67005721459e+21
4320.02577092 4.06313054395e+20 2.67005721459e+21
4328.28585844 4.06313054395e+20 2.67005721459e+21
4336.54594595 4.06313054395e+20 2.67005721459e+21
4344.80603347 4.06313054395e+20 2.67005721459e+21
4353.06612098 4.06313054395e+20 2.67005721459e+21
4361.3262085 4.06313054395e+20 2.67005721459e+21
4369.58629602 4.06313054395e+20 2.67005721459e+21
4377.84638353 4.06313054395e+20 2.67005721459e+21
4386.10647105 3.99057464138e+20 2.67005721459e+21
4394.36655856 3.99057464138e+20 2.67005721459e+21
4402.62664608 3.99057464138e+20 2.67005721459e+21
4410.8867336 3.99057464138e+20 2.67005721459e+21
4419.14682111 3.99057464138e+20 2.67005721459e+21
4427.40690863 3.99057464138e+20 2.67005721459e+21
4435.66699614 3.99057464138e+20 2.67005721459e+21
4443.92708366 3.99057464138e+20 2.67005721459e+21
4452.18717118 3.99057464138e+20 2.67005721459e+21
4460.44725869 3.99057464138e+20 2.67005721459e+21
4468.70734621 3.99057464138e+20 2.67005721459e+21
4476.96743372 3.99057464138e+20 2.67005721459e+21
4485.22752124 3.99057464138e+20 2.67005721459e+21
4493.48760876 3.99057464138e+20 2.67005721459e+21
4501.74769627 3.99057464138e+20 2.67005721459e+21
4510.00778379 3.99057464138e+20 2.67005721459e+21
4518.26787131 3.99057464138e+20 2.67005721459e+21
4526.52795882 3.99057464138e+20 2.67005721459e+21
4534.78804634 3.99057464138e+20 2.67005721459e+21
4543.04813385 3.91801873881e+20 2.67005721459e+21
4551.30822137 3.91801873881e+20 2.67005721459e+21
4559.56830889 3.91801873881e+20 2.67005721459e+21
4567.8283964 3.91801873881e+20 2.67005721459e+21
4576.08848392 3.91801873881e+20 2.67005721459e+21
4584.34857143 3.91801873881e+20 2.67005721459e+21
4592.60865895 3.84546283624e+20 2.67005721459e+21
4600.86874647 3.84546283624e+20 2.67005721459e+21
4609.12883398 3.77290693367e+20 2.67005721459e+21
4617.3889215 3.77290693367e+20 2.67005721459e+21
4625.64900901 3.77290693367e+20 2.67005721459e+21
4633.90909653 3.77290693367e+20 2.67005721459e+21
4642.16918405 3.77290693367e+20 2.67005721459e+21
4650.42927156 3.77290693367e+20 2.67005721459e+21
4658.68935908 3.77290693367e+20 2.67005721459e+21
4666.94944659 3.77290693367e+20 2.67005721459e+21
4675.20953411 3.77290693367e+20 2.67005721459e+21
4683.46962163 3.77290693367e+20 2.67005721459e+21
4691.72970914 3.77290693367e+20 2.67005721459e+21
4699.98979666 3.77290693367e+20 2.67005721459e+21
4708.24988417 3.77290693367e+20 2.67005721459e+21
4716.50997169 3.77290693367e+20 2.67005721459e+21
4724.77005921 3.77290693367e+20 2.67005721459e+21
4733.03014672 3.77290693367e+20 2.67005721459e+21
4741.29023424 3.77290693367e+20 2.67005721459e+21
4749.55032176 3.77290693367e+20 2.67005721459e+21
4757.81040927 3.77290693367e+20 2.67005721459e+21
4766.07049679 3.77290693367e+20 2.67005721459e+21
4774.3305843 3.77290693367e+20 2.67005721459e+21
4782.59067182 3.77290693367e+20 2.67005721459e+21
4790.85075934 3.77290693367e+20 2.67005721459e+21
4799.11084685 3.77290693367e+20 2.67005721459e+21
4807.37093437 3.77290693367e+20 2.67005721459e+21
4815.63102188 3.77290693367e+20 2.67005721459e+21
4823.8911094 3.77290693367e+20 2.67005721459e+21
4832.15119692 3.84546283624e+20 2.67005721459e+21
4840.41128443 3.84546283624e+20 2.67005721459e+21
4848.67137195 3.84546283624e+20 2.67005721459e+21
4856.93145946 3.84546283624e+20 2.67005721459e+21
4865.19154698 3.84546283624e+20 2.67005721459e+21
4873.4516345 3.91801873881e+20 2.67005721459e+21
4881.71172201 3.91801873881e+20 2.67005721459e+21
4889.97180953 3.91801873881e+20 2.67005721459e+21
4898.23189704 3.91801873881e+20 2.67005721459e+21
4906.49198456 3.91801873881e+20 2.67005721459e+21
4914.75207208 3.84546283624e+20 2.67005721459e+21
4923.01215959 3.84546283624e+20 2.67005721459e+21
4931.27224711 3.84546283624e+20 2.67005721459e+21
4939.53233463 3.84546283624e+20 2.67005721459e+21
4947.79242214 3.84546283624e+20 2.67005721459e+21
4956.05250966 3.84546283624e+20 2.67005721459e+21
4964.31259718 3.84546283624e+20 2.67005721459e+21
4972.57268469 3.84546283624e+20 2.67005721459e+21
4980.83277221 3.84546283624e+20 2.67005721459e+21
4989.09285973 3.84546283624e+20 2.67005721459e+21
4997.35294724 3.84546283624e+20 2.67005721459e+21
5005.61303476 3.77290693367e+20 2.67005721459e+21
5013.87312228 3.77290693367e+20 2.67005721459e+21
5022.13320979 3.77290693367e+20 2.67005721459e+21
5030.39329731 3.7003510311e+20 2.67005721459e+21
5038.65338483 3.7003510311e+20 2.67005721459e+21
5046.91347234 3.7003510311e+20 2.67005721459e+21
5055.17355986 3.62779512852e+20 2.67005721459e+21
5063.43364738 3.62779512852e+20 2.67005721459e+21
5071.69373489 3.62779512852e+20 2.67005721459e+21
5079.95382241 3.62779512852e+20 2.67005721459e+21
5088.21390993 3.62779512852e+20 2.67005721459e+21
5096.47399744 3.62779512852e+20 2.67005721459e+21
5104.73408496 3.62779512852e+20 2.67005721459e+21
5112.99417248 3.62779512852e+20 2.67005721459e+21
5121.25425999 3.62779512852e+20 2.67005721459e+21
5129.51434751 3.62779512852e+20 2.67005721459e+21
5137.77443503 3.62779512852e+20 2.67005721459e+21
5146.03452254 3.62779512852e+20 2.67005721459e+21
5154.29461006 3.62779512852e+20 2.67005721459e+21
5162.55469758 3.55523922595e+20 2.67005721459e+21
5170.81478509 3.55523922595e+20 2.67005721459e+21
5179.07487261 3.55523922595e+20 2.67005721459e+21
5187.33496013 3.55523922595e+20 2.67005721459e+21
5195.59504764 3.55523922595e+20 2.67005721459e+21
5203.85513516 3.55523922595e+20 2.67005721459e+21
5212.11522268 3.55523922595e+20 2.67005721459e+21
5220.37531019 3.41012742081e+20 2.67005721459e+21
5228.63539771 3.41012742081e+20 2.67005721459e+21
5236.89548523 3.41012742081e+20 2.67005721459e+21
5245.15557274 3.41012742081e+20 2.67005721459e+21
5253.41566026 3.41012742081e+20 2.67005721459e+21
5261.67574777 3.41012742081e+20 2.67005721459e+21
5269.93583529 3.41012742081e+20 2.67005721459e+21
5278.19592281 3.41012742081e+20 2.67005721459e+21
5286.45601032 3.41012742081e+20 2.67005721459e+21
5294.71609784 3.41012742081e+20 2.67005721459e+21
5302.97618536 3.41012742081e+20 2.67005721459e+21
5311.23627287 3.41012742081e+20 2.67005721459e+21
5319.49636039 3.41012742081e+20 2.67005721459e+21
5327.75644791 3.33757151824e+20 2.67005721459e+21
5336.01653542 3.33757151824e+20 2.67005721459e+21
5344.27662294 3.33757151824e+20 2.67005721459e+21
5352.53671046 3.33757151824e+20 2.67005721459e+21
5360.79679797 3.33757151824e+20 2.67005721459e+21
5369.05688549 3.33757151824e+20 2.67005721459e+21
5377.31697301 3.33757151824e+20 2.67005721459e+21
5385.57706052 3.33757151824e+20 2.67005721459e+21
5393.83714804 3.41012742081e+20 2.67005721459e+21
5402.09723556 3.41012742081e+20 2.67005721459e+21
5410.35732307 3.33757151824e+20 2.67005721459e+21
5418.61741059 3.33757151824e+20 2.67005721459e+21
5426.87749811 3.33757151824e+20 2.67005721459e+21
5435.13758562 3.33757151824e+20 2.67005721459e+21
5443.39767314 3.33757151824e+20 2.67005721459e+21
5451.65776066 3.33757151824e+20 2.67005721459e+21
5459.91784817 3.33757151824e+20 2.67005721459e+21
5468.17793569 3.33757151824e+20 2.67005721459e+21
5476.43802321 3.33757151824e+20 2.67005721459e+21
5484.69811072 3.33757151824e+20 2.67005721459e+21
5492.95819824 3.26501561567e+20 2.67005721459e+21
5501.21828576 3.26501561567e+20 2.67005721459e+21
5509.47837327 3.26501561567e+20 2.67005721459e+21
5517.73846079 3.26501561567e+20 2.67005721459e+21
5525.99854831 3.26501561567e+20 2.67005721459e+21
5534.25863582 3.26501561567e+20 2.67005721459e+21
5542.51872334 3.26501561567e+20 2.67005721459e+21
5550.77881086 3.26501561567e+20 2.67005721459e+21
5559.03889837 3.26501561567e+20 2.67005721459e+21
5567.29898589 3.26501561567e+20 2.67005721459e+21
5575.55907341 3.26501561567e+20 2.67005721459e+21
5583.81916092 3.26501561567e+20 2.67005721459e+21
5592.07924844 3.26501561567e+20 2.67005721459e+21
5600.33933596 3.26501561567e+20 2.67005721459e+21
5608.59942347 3.26501561567e+20 2.67005721459e+21
5616.85951099 3.26501561567e+20 2.67005721459e+21
5625.11959851 3.26501561567e+20 2.67005721459e+21
5633.37968602 3.26501561567e+20 2.67005721459e+21
5641.63977354 3.33757151824e+20 2.67005721459e+21
5649.89986106 3.33757151824e+20 2.67005721459e+21
5658.15994857 3.33757151824e+20 2.67005721459e+21
5666.42003609 3.33757151824e+20 2.67005721459e+21
5674.68012361 3.41012742081e+20 2.67005721459e+21
5682.94021112 3.41012742081e+20 2.67005721459e+21
5691.20029864 3.41012742081e+20 2.67005721459e+21
5699.46038616 3.41012742081e+20 2.67005721459e+21
5707.72047367 3.41012742081e+20 2.67005721459e+21
5715.98056119 3.41012742081e+20 2.67005721459e+21
5724.24064871 3.41012742081e+20 2.67005721459e+21
5732.50073622 3.41012742081e+20 2.67005721459e+21
5740.76082374 3.33757151824e+20 2.67005721459e+21
5749.02091126 3.33757151824e+20 2.67005721459e+21
5757.28099877 3.33757151824e+20 2.67005721459e+21
5765.54108629 3.33757151824e+20 2.67005721459e+21
5773.8011738 3.33757151824e+20 2.67005721459e+21
5782.06126132 3.33757151824e+20 2.67005721459e+21
5790.32134884 3.33757151824e+20 2.67005721459e+21
5798.58143635 3.33757151824e+20 2.67005721459e+21
5806.84152387 3.33757151824e+20 2.67005721459e+21
5815.10161139 3.33757151824e+20 2.67005721459e+21
5823.3616989 3.33757151824e+20 2.67005721459e+21
5831.62178642 3.33757151824e+20 2.67005721459e+21
5839.88187394 3.33757151824e+20 2.67005721459e+21
5848.14196145 3.33757151824e+20 2.67005721459e+21
5856.40204897 3.33757151824e+20 2.67005721459e+21
5864.66213649 3.33757151824e+20 2.67005721459e+21
5872.922224 3.33757151824e+20 2.67005721459e+21
5881.18231152 3.33757151824e+20 2.67005721459e+21
5889.44239904 3.33757151824e+20 2.67005721459e+21
5897.70248655 3.26501561567e+20 2.67005721459e+21
5905.96257407 3.26501561567e+20 2.67005721459e+21
5914.22266159 3.26501561567e+20 2.67005721459e+21
5922.4827491 3.26501561567e+20 2.67005721459e+21
5930.74283662 3.26501561567e+20 2.67005721459e+21
5939.00292414 3.26501561567e+20 2.67005721459e+21
5947.26301165 3.33757151824e+20 2.67005721459e+21
5955.52309917 3.33757151824e+20 2.67005721459e+21
5963.78318669 3.33757151824e+20 2.67005721459e+21
