0.0 0.0 3.38836065004e+21 0.0 0 467 0
8.26008751617 0.0 3.38836065004e+21 0.0 0 467 0
16.5201750323 0.0 3.38836065004e+21 0.0 0 467 0
24.7802625485 0.0 3.38836065004e+21 0.0 0 467 0
33.0403500647 0.0 3.38836065004e+21 0.0 0 467 0
41.3004375808 0.0 3.38836065004e+21 0.0 0 467 0
49.560525097 0.0 3.38836065004e+21 0.0 0 467 0
57.8206126132 0.0 3.38836065004e+21 0.0 0 467 0
66.0807001293 0.0 3.38836065004e+21 0.0 0 467 0
74.3407876455 0.0 3.38836065004e+21 0.0 0 467 0
82.6008751617 0.0 3.38836065004e+21 0.0 0 467 0
90.8609626779 0.0 3.38836065004e+21 0.0 0 467 0
99.121050194 7.25559025705e+18 3.37384946953e+21 0.0 1 465 0
107.38113771 1.66878575912e+20 3.21422648387e+21 0.0 23 443 0
115.641225226 7.32814615962e+20 2.58299013151e+21 0.0 101 356 0
123.901312743 9.50482323673e+20 2.33630006277e+21 0.0 131 322 0
132.161400259 1.11736089959e+21 2.1113767648e+21 0.0 154 291 0
140.421487775 1.17540562164e+21 2.0097985012e+21 0.0 162 277 0
148.681575291 1.24070593396e+21 1.86468669606e+21 0.0 171 257 0
156.941662807 1.27698388524e+21 1.73408607143e+21 0.0 176 239 0
165.201750323 1.50190718321e+21 1.45111805141e+21 0.0 207 200 0
173.46183784 1.61074103707e+21 1.30600624627e+21 0.0 222 180 0
181.721925356 1.69055252989e+21 1.15363885087e+21 0.0 233 159 0
189.982012872 1.75585284221e+21 1.06657176779e+21 0.0 242 147 0
198.242100388 1.86468669606e+21 9.50482323673e+20 0.0 257 131 0
206.502187904 1.92273141812e+21 8.70670830846e+20 0.0 265 120 0
214.76227542 1.92998700838e+21 8.19881699047e+20 0.0 266 113 0
223.022362937 1.98077614017e+21 7.25559025705e+20 0.0 273 100 0
231.282450453 2.03156527197e+21 7.03792254934e+20 0.0 280 97 0
239.542537969 2.04607645249e+21 6.60258713392e+20 0.0 282 91 0
247.802625485 2.060587633e+21 6.16725171849e+20 0.0 284 85 0
256.062713001 2.10412117454e+21 5.73191630307e+20 0.0 290 79 0
264.322800517 2.11863235506e+21 5.15146908251e+20 0.0 292 71 0
272.582888034 2.1113767648e+21 4.93380137479e+20 0.0 291 68 0
280.84297555 2.14765471609e+21 4.71613366708e+20 0.0 296 65 0
289.103063066 2.15491030634e+21 4.4259100568e+20 0.0 297 61 0
297.363150582 2.16942148686e+21 4.35335415423e+20 0.0 299 60 0
305.623238098 2.17667707711e+21 3.99057464138e+20 0.0 300 55 0
313.883325614 2.17667707711e+21 4.06313054395e+20 0.0 300 56 0
322.143413131 2.18393266737e+21 3.99057464138e+20 0.0 301 55 0
330.403500647 2.20569943814e+21 3.91801873881e+20 0.0 304 54 0
338.663588163 2.20569943814e+21 3.99057464138e+20 0.0 304 55 0
346.923675679 2.22021061866e+21 3.84546283624e+20 0.0 306 53 0
355.183763195 2.23472179917e+21 3.7003510311e+20 0.0 308 51 0
363.443850711 2.22746620891e+21 3.62779512852e+20 0.0 307 50 0
371.703938227 2.2129550284e+21 3.62779512852e+20 0.0 305 50 0
379.964025743 2.17667707711e+21 3.62779512852e+20 0.0 300 50 0
388.22411326 2.19118825763e+21 3.48268332338e+20 0.0 302 48 0
396.484200776 2.19118825763e+21 3.48268332338e+20 0.0 302 48 0
404.744288292 2.18393266737e+21 3.41012742081e+20 0.0 301 47 0
413.004375808 2.18393266737e+21 3.33757151824e+20 0.0 301 46 0
421.264463324 2.16942148686e+21 3.26501561567e+20 0.0 299 45 0
429.52455084 2.17667707711e+21 3.26501561567e+20 0.0 300 45 0
437.784638356 2.1621658966e+21 3.26501561567e+20 0.0 298 45 0
446.044725873 2.14765471609e+21 3.1924597131e+20 0.0 296 44 0
454.304813389 2.14765471609e+21 3.1924597131e+20 0.0 296 44 0
462.564900905 2.13314353557e+21 3.26501561567e+20 0.0 294 45 0
470.824988421 2.12588794532e+21 3.26501561567e+20 0.0 293 45 0
479.085075937 2.11863235506e+21 3.11990381053e+20 0.0 292 43 0
487.345163453 2.10412117454e+21 3.04734790796e+20 0.0 290 42 0
495.605250969 2.09686558429e+21 3.04734790796e+20 0.0 289 42 0
503.865338486 2.08235440377e+21 3.04734790796e+20 0.0 287 42 0
512.125426002 2.10412117454e+21 3.04734790796e+20 0.0 290 42 0
520.385513518 2.07509881352e+21 3.04734790796e+20 0.0 286 42 0
528.645601034 2.06784322326e+21 3.04734790796e+20 0.0 285 42 0
536.90568855 2.04607645249e+21 3.04734790796e+20 0.0 282 42 0
545.165776066 2.03156527197e+21 3.04734790796e+20 0.0 280 42 0
553.425863582 2.07509881352e+21 3.04734790796e+20 0.0 286 42 0
561.685951098 2.07509881352e+21 3.04734790796e+20 0.0 286 42 0
569.946038615 2.04607645249e+21 3.04734790796e+20 0.0 282 42 0
578.206126131 2.07509881352e+21 3.04734790796e+20 0.0 286 42 0
586.466213647 2.04607645249e+21 3.04734790796e+20 0.0 282 42 0
594.726301163 2.04607645249e+21 3.04734790796e+20 0.0 282 42 0
602.986388679 2.05333204275e+21 3.04734790796e+20 0.0 283 42 0
611.246476195 2.03882086223e+21 3.04734790796e+20 0.0 281 42 0
619.506563711 2.03156527197e+21 3.04734790796e+20 0.0 280 42 0
627.766651228 2.01705409146e+21 2.97479200539e+20 0.0 278 41 0
636.026738744 1.98803173043e+21 2.97479200539e+20 0.0 274 41 0
644.28682626 1.98077614017e+21 2.97479200539e+20 0.0 273 41 0
652.546913776 1.97352054992e+21 2.97479200539e+20 0.0 272 41 0
660.807001292 1.9590093694e+21 2.97479200539e+20 0.0 270 41 0
669.067088809 1.95175377915e+21 2.97479200539e+20 0.0 269 41 0
677.327176325 1.93724259863e+21 2.97479200539e+20 0.0 267 41 0
685.587263841 1.92998700838e+21 2.97479200539e+20 0.0 266 41 0
693.847351357 1.89370905709e+21 2.97479200539e+20 0.0 261 41 0
702.107438874 1.87194228632e+21 2.97479200539e+20 0.0 258 41 0
710.36752639 1.86468669606e+21 2.97479200539e+20 0.0 257 41 0
718.627613906 1.82115315452e+21 2.97479200539e+20 0.0 251 41 0
726.887701422 1.81389756426e+21 2.97479200539e+20 0.0 250 41 0
735.147788938 1.77761961298e+21 2.97479200539e+20 0.0 245 41 0
743.407876455 1.81077424538e+21 2.97479200539e+20 0.0 245 41 0
751.667963971 1.78175188435e+21 2.97479200539e+20 0.0 241 41 0
759.928051487 1.76724070384e+21 2.97479200539e+20 0.0 239 41 0
768.188139003 1.75998511358e+21 2.97479200539e+20 0.0 238 41 0
776.448226519 1.75998511358e+21 2.97479200539e+20 0.0 238 41 0
784.708314036 1.74547393307e+21 2.97479200539e+20 0.0 236 41 0
792.968401552 1.70194039152e+21 2.97479200539e+20 0.0 230 41 0
801.228489068 1.68742921101e+21 2.97479200539e+20 0.0 228 41 0
809.488576584 1.6729180305e+21 2.97479200539e+20 0.0 226 41 0
817.7486641 1.65115125973e+21 2.97479200539e+20 0.0 223 41 0
826.008751617 1.63664007921e+21 2.97479200539e+20 0.0 221 41 0
834.268839133 1.6221288987e+21 2.97479200539e+20 0.0 219 41 0
842.528926649 1.6221288987e+21 2.97479200539e+20 0.0 219 41 0
850.789014165 1.60036212793e+21 2.97479200539e+20 0.0 216 41 0
859.049101681 1.59310653767e+21 2.97479200539e+20 0.0 215 41 0
867.309189198 1.5713397669e+21 2.97479200539e+20 0.0 212 41 0
875.569276714 1.57859535715e+21 2.97479200539e+20 0.0 213 41 0
883.82936423 1.5713397669e+21 2.97479200539e+20 0.0 212 41 0
892.089451746 1.55682858638e+21 2.97479200539e+20 0.0 210 41 0
900.349539262 1.54231740587e+21 2.97479200539e+20 0.0 208 41 0
908.609626779 1.54957299613e+21 2.97479200539e+20 0.0 209 41 0
916.869714295 1.55682858638e+21 2.97479200539e+20 0.0 210 41 0
925.129801811 1.54957299613e+21 2.97479200539e+20 0.0 209 41 0
933.389889327 1.52780622536e+21 2.97479200539e+20 0.0 206 41 0
941.649976843 1.5205506351e+21 2.97479200539e+20 0.0 205 41 0
949.91006436 1.51329504484e+21 2.97479200539e+20 0.0 204 41 0
958.170151876 1.5205506351e+21 2.97479200539e+20 0.0 205 41 0
966.430239392 1.49878386433e+21 2.97479200539e+20 0.0 202 41 0
974.690326908 1.49878386433e+21 2.97479200539e+20 0.0 202 41 0
982.950414424 1.48427268381e+21 2.97479200539e+20 0.0 200 41 0
991.210501941 1.44799473253e+21 2.97479200539e+20 0.0 195 41 0
999.470589457 1.44073914227e+21 2.97479200539e+20 0.0 194 41 0
1007.73067697 1.43348355201e+21 2.97479200539e+20 0.0 193 41 0
1015.99076449 1.4189723715e+21 2.97479200539e+20 0.0 191 41 0
1024.25085201 1.39720560073e+21 2.97479200539e+20 0.0 188 41 0
1032.51093952 1.37543882996e+21 2.97479200539e+20 0.0 185 41 0
1040.77102704 1.38269442021e+21 2.97479200539e+20 0.0 186 41 0
1049.03111455 1.3681832397e+21 2.97479200539e+20 0.0 184 41 0
1057.29120207 1.36092764944e+21 2.97479200539e+20 0.0 183 41 0
1065.55128959 1.36092764944e+21 2.97479200539e+20 0.0 183 41 0
1073.8113771 1.37543882996e+21 2.97479200539e+20 0.0 185 41 0
1082.07146462 1.36092764944e+21 2.97479200539e+20 0.0 183 41 0
1090.33155214 1.33916087867e+21 2.97479200539e+20 0.0 180 41 0
1098.59163965 1.33916087867e+21 2.97479200539e+20 0.0 180 41 0
1106.85172717 1.33190528842e+21 2.97479200539e+20 0.0 179 41 0
1115.11181468 1.28837174687e+21 2.97479200539e+20 0.0 173 41 0
1123.3719022 1.27386056636e+21 2.97479200539e+20 0.0 171 41 0
1131.63198972 1.27386056636e+21 2.97479200539e+20 0.0 171 41 0
1139.89207723 1.2666049761e+21 2.97479200539e+20 0.0 170 41 0
1148.15216475 1.2666049761e+21 2.97479200539e+20 0.0 170 41 0
1156.41225226 1.25209379559e+21 2.97479200539e+20 0.0 168 41 0
1164.67233978 1.24483820533e+21 2.97479200539e+20 0.0 167 41 0
1172.9324273 1.24483820533e+21 2.97479200539e+20 0.0 167 41 0
1181.19251481 1.23758261507e+21 2.97479200539e+20 0.0 166 41 0
1189.45260233 1.1826612119e+21 2.90223610282e+20 0.0 163 40 0
1197.71268985 1.1826612119e+21 2.90223610282e+20 0.0 163 40 0
1205.97277736 1.17540562164e+21 2.90223610282e+20 0.0 162 40 0
1214.23286488 1.1826612119e+21 2.90223610282e+20 0.0 163 40 0
1222.49295239 1.1826612119e+21 2.90223610282e+20 0.0 163 40 0
1230.75303991 1.16089444113e+21 2.90223610282e+20 0.0 160 40 0
1239.01312743 1.15363885087e+21 2.90223610282e+20 0.0 159 40 0
1247.27321494 1.16089444113e+21 2.90223610282e+20 0.0 160 40 0
1255.53330246 1.17540562164e+21 2.90223610282e+20 0.0 162 40 0
1263.79338997 1.16815003138e+21 2.90223610282e+20 0.0 161 40 0
1272.05347749 1.14638326061e+21 2.90223610282e+20 0.0 158 40 0
1280.31356501 1.14638326061e+21 2.90223610282e+20 0.0 158 40 0
1288.57365252 1.15363885087e+21 2.90223610282e+20 0.0 159 40 0
1296.83374004 1.15363885087e+21 2.90223610282e+20 0.0 159 40 0
1305.09382756 1.13912767036e+21 2.90223610282e+20 0.0 157 40 0
1313.35391507 1.13912767036e+21 2.90223610282e+20 0.0 157 40 0
1321.61400259 1.13912767036e+21 2.90223610282e+20 0.0 157 40 0
1329.8740901 1.12461648984e+21 2.90223610282e+20 0.0 155 40 0
1338.13417762 1.10284971907e+21 2.90223610282e+20 0.0 152 40 0
1346.39426514 1.10284971907e+21 2.90223610282e+20 0.0 152 40 0
1354.65435265 1.12461648984e+21 2.90223610282e+20 0.0 155 40 0
1362.91444017 1.1318720801e+21 2.90223610282e+20 0.0 156 40 0
1371.17452768 1.12461648984e+21 2.90223610282e+20 0.0 155 40 0
1379.4346152 1.11010530933e+21 2.90223610282e+20 0.0 153 40 0
1387.69470272 1.10284971907e+21 2.90223610282e+20 0.0 152 40 0
1395.95479023 1.10284971907e+21 2.90223610282e+20 0.0 152 40 0
1404.21487775 1.11010530933e+21 2.90223610282e+20 0.0 153 40 0
1412.47496526 1.11010530933e+21 2.90223610282e+20 0.0 153 40 0
1420.73505278 1.11736089959e+21 2.90223610282e+20 0.0 154 40 0
1428.9951403 1.12461648984e+21 2.90223610282e+20 0.0 155 40 0
1437.25522781 1.09559412881e+21 2.90223610282e+20 0.0 151 40 0
1445.51531533 1.08833853856e+21 2.90223610282e+20 0.0 150 40 0
1453.77540284 1.0810829483e+21 2.90223610282e+20 0.0 149 40 0
1462.03549036 1.0810829483e+21 2.90223610282e+20 0.0 149 40 0
1470.29557788 1.0810829483e+21 2.90223610282e+20 0.0 149 40 0
1478.55566539 1.06657176779e+21 2.90223610282e+20 0.0 147 40 0
1486.81575291 1.05931617753e+21 2.90223610282e+20 0.0 146 40 0
1495.07584042 1.05206058727e+21 2.90223610282e+20 0.0 145 40 0
1503.33592794 1.05206058727e+21 2.90223610282e+20 0.0 145 40 0
1511.59601546 1.03754940676e+21 2.90223610282e+20 0.0 143 40 0
1519.85610297 1.0302938165e+21 2.90223610282e+20 0.0 142 40 0
1528.11619049 1.01578263599e+21 2.90223610282e+20 0.0 140 40 0
1536.376278 1.00852704573e+21 2.90223610282e+20 0.0 139 40 0
1544.63636552 1.00852704573e+21 2.90223610282e+20 0.0 139 40 0
1552.89645304 9.94015865216e+20 2.90223610282e+20 0.0 137 40 0
1561.15654055 9.94015865216e+20 2.90223610282e+20 0.0 137 40 0
1569.41662807 9.94015865216e+20 2.90223610282e+20 0.0 137 40 0
1577.67671559 9.79504684702e+20 2.90223610282e+20 0.0 135 40 0
1585.9368031 9.86760274959e+20 2.90223610282e+20 0.0 136 40 0
1594.19689062 9.86760274959e+20 2.90223610282e+20 0.0 136 40 0
1602.45697813 9.94015865216e+20 2.90223610282e+20 0.0 137 40 0
1610.71706565 9.79504684702e+20 2.90223610282e+20 0.0 135 40 0
1618.97715317 9.72249094445e+20 2.90223610282e+20 0.0 134 40 0
1627.23724068 9.64993504188e+20 2.90223610282e+20 0.0 133 40 0
1635.4973282 9.64993504188e+20 2.90223610282e+20 0.0 133 40 0
1643.75741571 9.64993504188e+20 2.90223610282e+20 0.0 133 40 0
1652.01750323 9.64993504188e+20 2.90223610282e+20 0.0 133 40 0
1660.27759075 9.57737913931e+20 2.90223610282e+20 0.0 132 40 0
1668.53767826 9.50482323673e+20 2.90223610282e+20 0.0 131 40 0
1676.79776578 9.50482323673e+20 2.90223610282e+20 0.0 131 40 0
1685.05785329 9.43226733416e+20 2.90223610282e+20 0.0 130 40 0
1693.31794081 9.35971143159e+20 2.90223610282e+20 0.0 129 40 0
1701.57802833 9.28715552902e+20 2.90223610282e+20 0.0 128 40 0
1709.83811584 9.28715552902e+20 2.90223610282e+20 0.0 128 40 0
1718.09820336 9.35971143159e+20 2.90223610282e+20 0.0 129 40 0
1726.35829087 9.28715552902e+20 2.90223610282e+20 0.0 128 40 0
1734.61837839 9.28715552902e+20 2.90223610282e+20 0.0 128 40 0
1742.87846591 9.14204372388e+20 2.90223610282e+20 0.0 126 40 0
1751.13855342 9.14204372388e+20 2.90223610282e+20 0.0 126 40 0
1759.39864094 8.99693191874e+20 2.90223610282e+20 0.0 124 40 0
1767.65872845 8.99693191874e+20 2.90223610282e+20 0.0 124 40 0
1775.91881597 8.8518201136e+20 2.90223610282e+20 0.0 122 40 0
1784.17890349 8.77926421103e+20 2.90223610282e+20 0.0 121 40 0
1792.438991 8.77926421103e+20 2.90223610282e+20 0.0 121 40 0
1800.69907852 8.8518201136e+20 2.90223610282e+20 0.0 122 40 0
1808.95916604 8.92437601617e+20 2.90223610282e+20 0.0 123 40 0
1817.21925355 8.92437601617e+20 2.90223610282e+20 0.0 123 40 0
1825.47934107 8.92437601617e+20 2.90223610282e+20 0.0 123 40 0
1833.73942858 8.99693191874e+20 2.90223610282e+20 0.0 124 40 0
1841.9995161 8.8518201136e+20 2.90223610282e+20 0.0 122 40 0
1850.25960362 8.8518201136e+20 2.90223610282e+20 0.0 122 40 0
1858.51969113 8.77926421103e+20 2.90223610282e+20 0.0 121 40 0
1866.77977865 8.8518201136e+20 2.90223610282e+20 0.0 122 40 0
1875.03986616 8.8518201136e+20 2.90223610282e+20 0.0 122 40 0
1883.29995368 8.63415240589e+20 2.90223610282e+20 0.0 119 40 0
1891.5600412 8.63415240589e+20 2.90223610282e+20 0.0 119 40 0
1899.82012871 8.56159650332e+20 2.90223610282e+20 0.0 118 40 0
1908.08021623 8.56159650332e+20 2.90223610282e+20 0.0 118 40 0
1916.34030374 8.41648469818e+20 2.90223610282e+20 0.0 116 40 0
1924.60039126 8.34392879561e+20 2.90223610282e+20 0.0 115 40 0
1932.86047878 8.41648469818e+20 2.90223610282e+20 0.0 116 40 0
1941.12056629 8.41648469818e+20 2.90223610282e+20 0.0 116 40 0
1949.38065381 8.34392879561e+20 2.90223610282e+20 0.0 115 40 0
1957.64074132 8.34392879561e+20 2.90223610282e+20 0.0 115 40 0
1965.90082884 8.34392879561e+20 2.90223610282e+20 0.0 115 40 0
1974.16091636 8.27137289304e+20 2.90223610282e+20 0.0 114 40 0
1982.42100387 8.34392879561e+20 2.90223610282e+20 0.0 115 40 0
1990.68109139 8.41648469818e+20 2.90223610282e+20 0.0 116 40 0
1998.9411789 8.34392879561e+20 2.90223610282e+20 0.0 115 40 0
2007.20126642 8.19881699047e+20 2.90223610282e+20 0.0 113 40 0
2015.46135394 8.27137289304e+20 2.90223610282e+20 0.0 114 40 0
2023.72144145 8.19881699047e+20 2.90223610282e+20 0.0 113 40 0
2031.98152897 8.05370518533e+20 2.90223610282e+20 0.0 111 40 0
2040.24161649 8.05370518533e+20 2.90223610282e+20 0.0 111 40 0
2048.501704 7.98114928275e+20 2.90223610282e+20 0.0 110 40 0
2056.76179152 7.90859338018e+20 2.90223610282e+20 0.0 109 40 0
2065.02187903 7.83603747761e+20 2.90223610282e+20 0.0 108 40 0
2073.28196655 7.83603747761e+20 2.90223610282e+20 0.0 108 40 0
2081.54205407 7.76348157504e+20 2.90223610282e+20 0.0 107 40 0
2089.80214158 7.76348157504e+20 2.90223610282e+20 0.0 107 40 0
2098.0622291 7.76348157504e+20 2.90223610282e+20 0.0 107 40 0
2106.32231661 7.69092567247e+20 2.90223610282e+20 0.0 106 40 0
2114.58240413 7.69092567247e+20 2.90223610282e+20 0.0 106 40 0
2122.84249165 7.54581386733e+20 2.90223610282e+20 0.0 104 40 0
2131.10257916 7.40070206219e+20 2.90223610282e+20 0.0 102 40 0
2139.36266668 7.32814615962e+20 2.90223610282e+20 0.0 101 40 0
2147.62275419 7.18303435448e+20 2.90223610282e+20 0.0 99 40 0
2155.88284171 7.18303435448e+20 2.90223610282e+20 0.0 99 40 0
2164.14292923 7.11047845191e+20 2.90223610282e+20 0.0 98 40 0
2172.40301674 7.11047845191e+20 2.90223610282e+20 0.0 98 40 0
2180.66310426 7.11047845191e+20 2.90223610282e+20 0.0 98 40 0
2188.92319177 7.18303435448e+20 2.90223610282e+20 0.0 99 40 0
2197.18327929 7.11047845191e+20 2.90223610282e+20 0.0 98 40 0
2205.44336681 6.8928107442e+20 2.90223610282e+20 0.0 95 40 0
2213.70345432 6.82025484163e+20 2.90223610282e+20 0.0 94 40 0
2221.96354184 6.8928107442e+20 2.90223610282e+20 0.0 95 40 0
2230.22362935 6.74769893906e+20 2.90223610282e+20 0.0 93 40 0
2238.48371687 6.74769893906e+20 2.90223610282e+20 0.0 93 40 0
2246.74380439 6.74769893906e+20 2.90223610282e+20 0.0 93 40 0
2255.0038919 6.74769893906e+20 2.90223610282e+20 0.0 93 40 0
2263.26397942 6.74769893906e+20 2.90223610282e+20 0.0 93 40 0
2271.52406693 6.67514303649e+20 2.90223610282e+20 0.0 92 40 0
2279.78415445 6.53003123134e+20 2.90223610282e+20 0.0 90 40 0
2288.04424197 6.53003123134e+20 2.90223610282e+20 0.0 90 40 0
2296.30432948 6.45747532877e+20 2.90223610282e+20 0.0 89 40 0
2304.564417 6.45747532877e+20 2.90223610282e+20 0.0 89 40 0
2312.82450452 6.3849194262e+20 2.90223610282e+20 0.0 88 40 0
2321.08459203 6.31236352363e+20 2.90223610282e+20 0.0 87 40 0
2329.34467955 6.23980762106e+20 2.90223610282e+20 0.0 86 40 0
2337.60476706 6.16725171849e+20 2.90223610282e+20 0.0 85 40 0
2345.86485458 6.09469581592e+20 2.90223610282e+20 0.0 84 40 0
2354.1249421 6.02213991335e+20 2.90223610282e+20 0.0 83 40 0
2362.38502961 6.02213991335e+20 2.90223610282e+20 0.0 83 40 0
2370.64511713 6.09469581592e+20 2.90223610282e+20 0.0 84 40 0
2378.90520464 6.09469581592e+20 2.90223610282e+20 0.0 84 40 0
2387.16529216 5.94958401078e+20 2.90223610282e+20 0.0 82 40 0
2395.42537968 5.94958401078e+20 2.90223610282e+20 0.0 82 40 0
2403.68546719 5.94958401078e+20 2.90223610282e+20 0.0 82 40 0
2411.94555471 6.02213991335e+20 2.90223610282e+20 0.0 83 40 0
2420.20564222 5.94958401078e+20 2.90223610282e+20 0.0 82 40 0
2428.46572974 5.87702810821e+20 2.90223610282e+20 0.0 81 40 0
2436.72581726 5.80447220564e+20 2.90223610282e+20 0.0 80 40 0
2444.98590477 5.87702810821e+20 2.90223610282e+20 0.0 81 40 0
2453.24599229 5.87702810821e+20 2.90223610282e+20 0.0 81 40 0
2461.5060798 5.94958401078e+20 2.90223610282e+20 0.0 82 40 0
2469.76616732 5.94958401078e+20 2.90223610282e+20 0.0 82 40 0
2478.02625484 5.94958401078e+20 2.90223610282e+20 0.0 82 40 0
2486.28634235 5.94958401078e+20 2.90223610282e+20 0.0 82 40 0
