0.0 0.0 3.38836065004e+21
8.26008751617 0.0 3.38836065004e+21
16.5201750323 0.0 3.38836065004e+21
24.7802625485 0.0 3.38836065004e+21
33.0403500647 0.0 3.38836065004e+21
41.3004375808 0.0 3.38836065004e+21
49.560525097 0.0 3.38836065004e+21
57.8206126132 0.0 3.38836065004e+21
66.0807001293 0.0 3.38836065004e+21
74.3407876455 0.0 3.38836065004e+21
82.6008751617 0.0 3.38836065004e+21
90.8609626779 0.0 3.38836065004e+21
99.121050194 0.0 3.38836065004e+21
107.38113771 0.0 3.38836065004e+21
115.641225226 0.0 3.38836065004e+21
123.901312743 0.0 3.38836065004e+21
132.161400259 0.0 3.38836065004e+21
140.421487775 0.0 3.38836065004e+21
148.681575291 0.0 3.38836065004e+21
156.941662807 0.0 3.38836065004e+21
165.201750323 0.0 3.38836065004e+21
173.46183784 0.0 3.38836065004e+21
181.721925356 0.0 3.38836065004e+21
189.982012872 0.0 3.38836065004e+21
198.242100388 0.0 3.38836065004e+21
206.502187904 0.0 3.38836065004e+21
214.76227542 0.0 3.38836065004e+21
223.022362937 0.0 3.38836065004e+21
231.282450453 0.0 3.38836065004e+21
239.542537969 0.0 3.38836065004e+21
247.802625485 0.0 3.38836065004e+21
256.062713001 0.0 3.38836065004e+21
264.322800517 0.0 3.38836065004e+21
272.582888034 0.0 3.38836065004e+21
280.84297555 0.0 3.38836065004e+21
289.103063066 0.0 3.38836065004e+21
297.363150582 0.0 3.38836065004e+21
305.623238098 0.0 3.38836065004e+21
313.883325614 0.0 3.38836065004e+21
322.143413131 0.0 3.38836065004e+21
330.403500647 0.0 3.38836065004e+21
338.663588163 0.0 3.38836065004e+21
346.923675679 0.0 3.38836065004e+21
355.183763195 0.0 3.38836065004e+21
363.443850711 0.0 3.38836065004e+21
371.703938227 0.0 3.38836065004e+21
379.964025743 0.0 3.38836065004e+21
388.22411326 0.0 3.38836065004e+21
396.484200776 0.0 3.38836065004e+21
404.744288292 0.0 3.38836065004e+21
413.004375808 0.0 3.38836065004e+21
421.264463324 0.0 3.38836065004e+21
429.52455084 0.0 3.38836065004e+21
437.784638356 0.0 3.38836065004e+21
446.044725873 0.0 3.38836065004e+21
454.304813389 0.0 3.38836065004e+21
462.564900905 0.0 3.38836065004e+21
470.824988421 0.0 3.38836065004e+21
479.085075937 2.97479200539e+20 3.03283672745e+21
487.345163453 3.77290693367e+20 2.90949169308e+21
495.605250969 4.20824234909e+20 2.85144697102e+21
503.865338486 4.20824234909e+20 2.85144697102e+21
512.125426002 4.20824234909e+20 2.83693579051e+21
520.385513518 4.28079825166e+20 2.82242460999e+21
528.645601034 4.13568644652e+20 2.81516901974e+21
536.90568855 3.99057464138e+20 2.79340224896e+21
545.165776066 3.91801873881e+20 2.77163547819e+21
553.425863582 3.91801873881e+20 2.74261311716e+21
561.685951098 3.99057464138e+20 2.70633516588e+21
569.946038615 4.06313054395e+20 2.68456839511e+21
578.206126131 4.13568644652e+20 2.67731280485e+21
586.466213647 4.28079825166e+20 2.63377926331e+21
594.726301163 4.57102186194e+20 2.57573454125e+21
602.986388679 4.71613366708e+20 2.53945658997e+21
611.246476195 4.71613366708e+20 2.50317863868e+21
619.506563711 4.86124547222e+20 2.48866745817e+21
627.766651228 5.15146908251e+20 2.47415627765e+21
636.026738744 5.00635727736e+20 2.44513391663e+21
644.28682626 5.07891317993e+20 2.43062273611e+21
652.546913776 4.86124547222e+20 2.43062273611e+21
660.807001292 5.22402498508e+20 2.38708919457e+21
669.067088809 5.36913679022e+20 2.38708919457e+21
677.327176325 5.44169269279e+20 2.37257801406e+21
685.587263841 5.51424859536e+20 2.37257801406e+21
693.847351357 5.58680449793e+20 2.3653224238e+21
702.107438874 5.6593604005e+20 2.3653224238e+21
710.36752639 5.6593604005e+20 2.35806683354e+21
718.627613906 5.51424859536e+20 2.35806683354e+21
726.887701422 5.44169269279e+20 2.35081124328e+21
735.147788938 5.44169269279e+20 2.35081124328e+21
743.407876455 5.58680449793e+20 2.33630006277e+21
751.667963971 5.87702810821e+20 2.30727770174e+21
759.928051487 5.94958401078e+20 2.28551093097e+21
768.188139003 5.94958401078e+20 2.29276652123e+21
776.448226519 5.87702810821e+20 2.28551093097e+21
784.708314036 6.09469581592e+20 2.27099975046e+21
792.968401552 6.3849194262e+20 2.2637441602e+21
801.228489068 6.53003123134e+20 2.2637441602e+21
809.488576584 6.67514303649e+20 2.24923297969e+21
817.7486641 6.67514303649e+20 2.25648856994e+21
826.008751617 6.67514303649e+20 2.24923297969e+21
834.268839133 6.53003123134e+20 2.23472179917e+21
842.528926649 6.74769893906e+20 2.22746620891e+21
850.789014165 6.96536664677e+20 2.2129550284e+21
859.049101681 7.11047845191e+20 2.2129550284e+21
867.309189198 7.03792254934e+20 2.2129550284e+21
875.569276714 7.03792254934e+20 2.2129550284e+21
883.82936423 7.11047845191e+20 2.2129550284e+21
892.089451746 7.03792254934e+20 2.2129550284e+21
900.349539262 7.18303435448e+20 2.2129550284e+21
908.609626779 7.18303435448e+20 2.2129550284e+21
916.869714295 7.25559025705e+20 2.2129550284e+21
925.129801811 7.32814615962e+20 2.2129550284e+21
933.389889327 7.40070206219e+20 2.2129550284e+21
941.649976843 7.47325796476e+20 2.20569943814e+21
949.91006436 7.54581386733e+20 2.19844384789e+21
958.170151876 7.47325796476e+20 2.19844384789e+21
966.430239392 7.54581386733e+20 2.19844384789e+21
974.690326908 7.54581386733e+20 2.19844384789e+21
982.950414424 7.54581386733e+20 2.19844384789e+21
991.210501941 7.54581386733e+20 2.19844384789e+21
999.470589457 7.54581386733e+20 2.19844384789e+21
1007.73067697 7.54581386733e+20 2.19844384789e+21
1015.99076449 7.69092567247e+20 2.19844384789e+21
1024.25085201 7.69092567247e+20 2.19844384789e+21
1032.51093952 7.76348157504e+20 2.19844384789e+21
1040.77102704 7.76348157504e+20 2.19844384789e+21
1049.03111455 7.76348157504e+20 2.19844384789e+21
1057.29120207 7.83603747761e+20 2.19844384789e+21
1065.55128959 7.76348157504e+20 2.19844384789e+21
1073.8113771 7.76348157504e+20 2.19844384789e+21
1082.07146462 7.76348157504e+20 2.19844384789e+21
1090.33155214 7.69092567247e+20 2.20569943814e+21
1098.59163965 7.83603747761e+20 2.20569943814e+21
1106.85172717 7.90859338018e+20 2.19844384789e+21
1115.11181468 7.98114928275e+20 2.19844384789e+21
1123.3719022 8.05370518533e+20 2.19844384789e+21
1131.63198972 8.1262610879e+20 2.19844384789e+21
1139.89207723 8.05370518533e+20 2.19844384789e+21
1148.15216475 7.98114928275e+20 2.19844384789e+21
1156.41225226 7.90859338018e+20 2.19844384789e+21
1164.67233978 7.98114928275e+20 2.19844384789e+21
1172.9324273 7.98114928275e+20 2.19844384789e+21
1181.19251481 7.98114928275e+20 2.19844384789e+21
1189.45260233 7.98114928275e+20 2.19844384789e+21
1197.71268985 7.98114928275e+20 2.19844384789e+21
1205.97277736 8.05370518533e+20 2.19844384789e+21
1214.23286488 8.1262610879e+20 2.19118825763e+21
1222.49295239 8.1262610879e+20 2.19118825763e+21
1230.75303991 8.1262610879e+20 2.19118825763e+21
1239.01312743 8.05370518533e+20 2.19118825763e+21
1247.27321494 7.90859338018e+20 2.19118825763e+21
1255.53330246 7.90859338018e+20 2.19118825763e+21
1263.79338997 7.83603747761e+20 2.19118825763e+21
1272.05347749 7.83603747761e+20 2.19118825763e+21
1280.31356501 7.90859338018e+20 2.19118825763e+21
1288.57365252 7.98114928275e+20 2.18393266737e+21
1296.83374004 7.98114928275e+20 2.18393266737e+21
1305.09382756 7.98114928275e+20 2.18393266737e+21
1313.35391507 8.05370518533e+20 2.18393266737e+21
1321.61400259 8.05370518533e+20 2.18393266737e+21
1329.8740901 7.98114928275e+20 2.18393266737e+21
1338.13417762 7.98114928275e+20 2.18393266737e+21
1346.39426514 7.90859338018e+20 2.18393266737e+21
1354.65435265 7.83603747761e+20 2.19118825763e+21
1362.91444017 7.69092567247e+20 2.19118825763e+21
1371.17452768 7.69092567247e+20 2.19118825763e+21
1379.4346152 7.69092567247e+20 2.19118825763e+21
1387.69470272 7.6183697699e+20 2.19118825763e+21
1395.95479023 7.69092567247e+20 2.19118825763e+21
1404.21487775 7.6183697699e+20 2.19118825763e+21
1412.47496526 7.69092567247e+20 2.19118825763e+21
1420.73505278 7.69092567247e+20 2.19118825763e+21
1428.9951403 7.6183697699e+20 2.19118825763e+21
1437.25522781 7.54581386733e+20 2.19118825763e+21
1445.51531533 7.47325796476e+20 2.19118825763e+21
1453.77540284 7.40070206219e+20 2.19118825763e+21
1462.03549036 7.40070206219e+20 2.19118825763e+21
1470.29557788 7.32814615962e+20 2.19118825763e+21
1478.55566539 7.32814615962e+20 2.19118825763e+21
1486.81575291 7.25559025705e+20 2.19118825763e+21
1495.07584042 7.25559025705e+20 2.19118825763e+21
1503.33592794 7.25559025705e+20 2.19118825763e+21
1511.59601546 7.18303435448e+20 2.19118825763e+21
1519.85610297 7.18303435448e+20 2.19118825763e+21
1528.11619049 7.18303435448e+20 2.19118825763e+21
1536.376278 7.25559025705e+20 2.19118825763e+21
1544.63636552 7.25559025705e+20 2.19118825763e+21
1552.89645304 7.25559025705e+20 2.19118825763e+21
1561.15654055 7.25559025705e+20 2.19118825763e+21
1569.41662807 7.32814615962e+20 2.19118825763e+21
1577.67671559 7.40070206219e+20 2.19118825763e+21
1585.9368031 7.47325796476e+20 2.19118825763e+21
1594.19689062 7.47325796476e+20 2.19118825763e+21
1602.45697813 7.54581386733e+20 2.19118825763e+21
1610.71706565 7.54581386733e+20 2.19118825763e+21
1618.97715317 7.47325796476e+20 2.19118825763e+21
1627.23724068 7.47325796476e+20 2.19118825763e+21
1635.4973282 7.47325796476e+20 2.19118825763e+21
1643.75741571 7.54581386733e+20 2.19118825763e+21
1652.01750323 7.54581386733e+20 2.18393266737e+21
1660.27759075 7.54581386733e+20 2.18393266737e+21
1668.53767826 7.54581386733e+20 2.18393266737e+21
1676.79776578 7.54581386733e+20 2.18393266737e+21
1685.05785329 7.54581386733e+20 2.18393266737e+21
1693.31794081 7.54581386733e+20 2.18393266737e+21
1701.57802833 7.6183697699e+20 2.18393266737e+21
1709.83811584 7.54581386733e+20 2.18393266737e+21
1718.09820336 7.47325796476e+20 2.18393266737e+21
1726.35829087 7.32814615962e+20 2.18393266737e+21
1734.61837839 7.25559025705e+20 2.18393266737e+21
1742.87846591 7.18303435448e+20 2.18393266737e+21
1751.13855342 7.18303435448e+20 2.18393266737e+21
1759.39864094 7.18303435448e+20 2.18393266737e+21
1767.65872845 7.25559025705e+20 2.18393266737e+21
1775.91881597 7.32814615962e+20 2.18393266737e+21
1784.17890349 7.32814615962e+20 2.18393266737e+21
1792.438991 7.32814615962e+20 2.18393266737e+21
1800.69907852 7.32814615962e+20 2.18393266737e+21
1808.95916604 7.32814615962e+20 2.18393266737e+21
1817.21925355 7.25559025705e+20 2.18393266737e+21
1825.47934107 7.25559025705e+20 2.18393266737e+21
1833.73942858 7.18303435448e+20 2.18393266737e+21
1841.9995161 7.18303435448e+20 2.18393266737e+21
1850.25960362 7.11047845191e+20 2.18393266737e+21
1858.51969113 7.11047845191e+20 2.18393266737e+21
1866.77977865 7.11047845191e+20 2.18393266737e+21
1875.03986616 7.18303435448e+20 2.18393266737e+21
1883.29995368 7.18303435448e+20 2.18393266737e+21
1891.5600412 7.25559025705e+20 2.18393266737e+21
1899.82012871 7.25559025705e+20 2.18393266737e+21
1908.08021623 7.32814615962e+20 2.18393266737e+21
1916.34030374 7.32814615962e+20 2.18393266737e+21
1924.60039126 7.25559025705e+20 2.18393266737e+21
1932.86047878 7.25559025705e+20 2.18393266737e+21
1941.12056629 7.25559025705e+20 2.18393266737e+21
1949.38065381 7.25559025705e+20 2.18393266737e+21
1957.64074132 7.25559025705e+20 2.18393266737e+21
1965.90082884 7.25559025705e+20 2.18393266737e+21
1974.16091636 7.25559025705e+20 2.18393266737e+21
1982.42100387 7.25559025705e+20 2.18393266737e+21
1990.68109139 7.32814615962e+20 2.18393266737e+21
1998.9411789 7.32814615962e+20 2.18393266737e+21
2007.20126642 7.32814615962e+20 2.18393266737e+21
2015.46135394 7.32814615962e+20 2.18393266737e+21
2023.72144145 7.25559025705e+20 2.18393266737e+21
2031.98152897 7.11047845191e+20 2.18393266737e+21
2040.24161649 7.11047845191e+20 2.18393266737e+21
2048.501704 7.11047845191e+20 2.18393266737e+21
2056.76179152 7.11047845191e+20 2.18393266737e+21
2065.02187903 7.11047845191e+20 2.18393266737e+21
2073.28196655 7.11047845191e+20 2.18393266737e+21
2081.54205407 7.18303435448e+20 2.18393266737e+21
2089.80214158 7.18303435448e+20 2.18393266737e+21
2098.0622291 7.18303435448e+20 2.18393266737e+21
2106.32231661 7.11047845191e+20 2.18393266737e+21
2114.58240413 7.11047845191e+20 2.18393266737e+21
2122.84249165 7.11047845191e+20 2.18393266737e+21
2131.10257916 7.03792254934e+20 2.18393266737e+21
2139.36266668 7.03792254934e+20 2.18393266737e+21
2147.62275419 7.03792254934e+20 2.18393266737e+21
2155.88284171 7.03792254934e+20 2.18393266737e+21
2164.14292923 6.96536664677e+20 2.18393266737e+21
2172.40301674 6.96536664677e+20 2.18393266737e+21
2180.66310426 6.96536664677e+20 2.18393266737e+21
2188.92319177 6.8928107442e+20 2.18393266737e+21
2197.18327929 6.8928107442e+20 2.18393266737e+21
2205.44336681 6.96536664677e+20 2.18393266737e+21
2213.70345432 6.96536664677e+20 2.18393266737e+21
2221.96354184 6.96536664677e+20 2.18393266737e+21
2230.22362935 6.96536664677e+20 2.18393266737e+21
2238.48371687 6.96536664677e+20 2.18393266737e+21
2246.74380439 6.96536664677e+20 2.18393266737e+21
2255.0038919 6.96536664677e+20 2.18393266737e+21
2263.26397942 6.8928107442e+20 2.18393266737e+21
2271.52406693 6.8928107442e+20 2.18393266737e+21
2279.78415445 6.8928107442e+20 2.18393266737e+21
2288.04424197 6.82025484163e+20 2.18393266737e+21
2296.30432948 6.67514303649e+20 2.18393266737e+21
2304.564417 6.67514303649e+20 2.18393266737e+21
2312.82450452 6.60258713392e+20 2.18393266737e+21
2321.08459203 6.53003123134e+20 2.18393266737e+21
2329.34467955 6.53003123134e+20 2.18393266737e+21
2337.60476706 6.53003123134e+20 2.18393266737e+21
2345.86485458 6.45747532877e+20 2.18393266737e+21
2354.1249421 6.45747532877e+20 2.18393266737e+21
2362.38502961 6.53003123134e+20 2.18393266737e+21
2370.64511713 6.45747532877e+20 2.18393266737e+21
2378.90520464 6.3849194262e+20 2.18393266737e+21
2387.16529216 6.3849194262e+20 2.18393266737e+21
2395.42537968 6.31236352363e+20 2.18393266737e+21
2403.68546719 6.31236352363e+20 2.18393266737e+21
2411.94555471 6.31236352363e+20 2.18393266737e+21
2420.20564222 6.23980762106e+20 2.18393266737e+21
2428.46572974 6.23980762106e+20 2.18393266737e+21
2436.72581726 6.23980762106e+20 2.18393266737e+21
2444.98590477 6.23980762106e+20 2.18393266737e+21
2453.24599229 6.23980762106e+20 2.18393266737e+21
2461.5060798 6.31236352363e+20 2.18393266737e+21
2469.76616732 6.31236352363e+20 2.18393266737e+21
2478.02625484 6.31236352363e+20 2.18393266737e+21
2486.28634235 6.3849194262e+20 2.18393266737e+21
2494.54642987 6.3849194262e+20 2.18393266737e+21
2502.80651738 6.3849194262e+20 2.18393266737e+21
2511.0666049 6.31236352363e+20 2.18393266737e+21
2519.32669242 6.31236352363e+20 2.18393266737e+21
2527.58677993 6.31236352363e+20 2.18393266737e+21
2535.84686745 6.31236352363e+20 2.18393266737e+21
2544.10695497 6.31236352363e+20 2.18393266737e+21
2552.36704248 6.31236352363e+20 2.18393266737e+21
2560.62713 6.31236352363e+20 2.18393266737e+21
2568.88721751 6.31236352363e+20 2.18393266737e+21
2577.14730503 6.23980762106e+20 2.18393266737e+21
2585.40739255 6.23980762106e+20 2.18393266737e+21
2593.66748006 6.23980762106e+20 2.18393266737e+21
2601.92756758 6.23980762106e+20 2.18393266737e+21
2610.18765509 6.23980762106e+20 2.18393266737e+21
2618.44774261 6.23980762106e+20 2.18393266737e+21
2626.70783013 6.23980762106e+20 2.18393266737e+21
2634.96791764 6.31236352363e+20 2.18393266737e+21
2643.22800516 6.3849194262e+20 2.18393266737e+21
2651.48809267 6.31236352363e+20 2.18393266737e+21
2659.74818019 6.31236352363e+20 2.18393266737e+21
2668.00826771 6.31236352363e+20 2.18393266737e+21
2676.26835522 6.23980762106e+20 2.18393266737e+21
2684.52844274 6.23980762106e+20 2.18393266737e+21
2692.78853025 6.23980762106e+20 2.18393266737e+21
2701.04861777 6.16725171849e+20 2.18393266737e+21
2709.30870529 6.09469581592e+20 2.18393266737e+21
2717.5687928 6.09469581592e+20 2.18393266737e+21
2725.82888032 6.09469581592e+20 2.18393266737e+21
2734.08896783 6.09469581592e+20 2.18393266737e+21
2742.34905535 6.09469581592e+20 2.18393266737e+21
2750.60914287 6.09469581592e+20 2.18393266737e+21
2758.86923038 6.09469581592e+20 2.18393266737e+21
2767.1293179 6.09469581592e+20 2.18393266737e+21
2775.38940542 6.02213991335e+20 2.18393266737e+21
2783.64949293 5.94958401078e+20 2.18393266737e+21
2791.90958045 5.94958401078e+20 2.18393266737e+21
2800.16966796 5.94958401078e+20 2.18393266737e+21
2808.42975548 6.02213991335e+20 2.18393266737e+21
2816.689843 6.02213991335e+20 2.18393266737e+21
2824.94993051 6.02213991335e+20 2.18393266737e+21
2833.21001803 6.02213991335e+20 2.18393266737e+21
2841.47010554 6.02213991335e+20 2.18393266737e+21
2849.73019306 6.02213991335e+20 2.18393266737e+21
2857.99028058 5.94958401078e+20 2.18393266737e+21
2866.25036809 5.94958401078e+20 2.18393266737e+21
2874.51045561 5.94958401078e+20 2.18393266737e+21
2882.77054312 5.94958401078e+20 2.18393266737e+21
2891.03063064 5.87702810821e+20 2.18393266737e+21
2899.29071816 5.87702810821e+20 2.18393266737e+21
2907.55080567 5.80447220564e+20 2.18393266737e+21
2915.81089319 5.80447220564e+20 2.18393266737e+21
2924.0709807 5.80447220564e+20 2.18393266737e+21
2932.33106822 5.73191630307e+20 2.18393266737e+21
2940.59115574 5.73191630307e+20 2.18393266737e+21
2948.85124325 5.73191630307e+20 2.18393266737e+21
2957.11133077 5.80447220564e+20 2.18393266737e+21
2965.37141828 5.94958401078e+20 2.18393266737e+21
2973.6315058 5.94958401078e+20 2.18393266737e+21
2981.89159332 5.87702810821e+20 2.18393266737e+21
2990.15168083 5.87702810821e+20 2.18393266737e+21
2998.41176835 5.87702810821e+20 2.18393266737e+21
3006.67185586 5.87702810821e+20 2.18393266737e+21
3014.93194338 5.87702810821e+20 2.18393266737e+21
3023.1920309 5.94958401078e+20 2.18393266737e+21
3031.45211841 5.94958401078e+20 2.18393266737e+21
3039.71220593 5.94958401078e+20 2.18393266737e+21
3047.97229345 5.94958401078e+20 2.18393266737e+21
3056.23238096 5.94958401078e+20 2.18393266737e+21
3064.49246848 5.94958401078e+20 2.18393266737e+21
3072.75255599 5.94958401078e+20 2.18393266737e+21
3081.01264351 5.94958401078e+20 2.18393266737e+21
3089.27273103 5.94958401078e+20 2.18393266737e+21
3097.53281854 6.02213991335e+20 2.18393266737e+21
3105.79290606 6.02213991335e+20 2.18393266737e+21
3114.05299357 6.02213991335e+20 2.18393266737e+21
