0.0 0.0 3.38836065004e+21
8.26008751617 0.0 3.38836065004e+21
16.5201750323 0.0 3.38836065004e+21
24.7802625485 0.0 3.38836065004e+21
33.0403500647 0.0 3.38836065004e+21
41.3004375808 0.0 3.38836065004e+21
49.560525097 0.0 3.38836065004e+21
57.8206126132 0.0 3.38836065004e+21
66.0807001293 0.0 3.38836065004e+21
74.3407876455 0.0 3.38836065004e+21
82.6008751617 0.0 3.38836065004e+21
90.8609626779 0.0 3.38836065004e+21
99.121050194 0.0 3.38836065004e+21
107.38113771 0.0 3.38836065004e+21
115.641225226 0.0 3.38836065004e+21
123.901312743 0.0 3.38836065004e+21
132.161400259 0.0 3.38836065004e+21
140.421487775 0.0 3.38836065004e+21
148.681575291 0.0 3.38836065004e+21
156.941662807 0.0 3.38836065004e+21
165.201750323 0.0 3.38836065004e+21
173.46183784 0.0 3.38836065004e+21
181.721925356 0.0 3.38836065004e+21
189.982012872 0.0 3.38836065004e+21
198.242100388 0.0 3.38836065004e+21
206.502187904 0.0 3.38836065004e+21
214.76227542 0.0 3.38836065004e+21
223.022362937 0.0 3.38836065004e+21
231.282450453 0.0 3.38836065004e+21
239.542537969 0.0 3.38836065004e+21
247.802625485 0.0 3.38836065004e+21
256.062713001 0.0 3.38836065004e+21
264.322800517 0.0 3.38836065004e+21
272.582888034 4.86124547222e+20 2.85870256128e+21
280.84297555 8.77926421103e+20 2.37257801406e+21
289.103063066 9.14204372388e+20 2.29276652123e+21
297.363150582 9.72249094445e+20 2.2129550284e+21
305.623238098 1.00852704573e+21 2.1621658966e+21
313.883325614 1.00852704573e+21 2.13314353557e+21
322.143413131 9.86760274959e+20 2.10412117454e+21
330.403500647 9.72249094445e+20 2.08235440377e+21
338.663588163 1.02303822624e+21 1.96626495966e+21
346.923675679 1.08833853856e+21 1.8574311058e+21
355.183763195 1.08833853856e+21 1.83566433503e+21
363.443850711 1.11010530933e+21 1.76310843246e+21
371.703938227 1.14638326061e+21 1.71231930066e+21
379.964025743 1.19717239241e+21 1.64701898835e+21
388.22411326 1.22619475344e+21 1.59622985655e+21
396.484200776 1.24070593396e+21 1.56720749552e+21
404.744288292 1.24070593396e+21 1.55995190527e+21
413.004375808 1.24070593396e+21 1.55269631501e+21
421.264463324 1.24070593396e+21 1.54544072475e+21
429.52455084 1.24070593396e+21 1.53092954424e+21
437.784638356 1.25521711447e+21 1.49465159295e+21
446.044725873 1.29149506575e+21 1.45111805141e+21
454.304813389 1.29149506575e+21 1.45111805141e+21
462.564900905 1.32051742678e+21 1.42209569038e+21
470.824988421 1.32777301704e+21 1.41484010012e+21
479.085075937 1.35679537807e+21 1.39307332935e+21
487.345163453 1.3858177391e+21 1.35679537807e+21
495.605250969 1.3858177391e+21 1.35679537807e+21
503.865338486 1.37130655858e+21 1.34953978781e+21
512.125426002 1.3858177391e+21 1.34228419755e+21
520.385513518 1.40032891961e+21 1.3350286073e+21
528.645601034 1.42209569038e+21 1.32777301704e+21
536.90568855 1.42209569038e+21 1.32051742678e+21
545.165776066 1.42209569038e+21 1.30600624627e+21
553.425863582 1.4366068709e+21 1.31326183653e+21
561.685951098 1.41484010012e+21 1.31326183653e+21
569.946038615 1.42209569038e+21 1.31326183653e+21
578.206126131 1.4366068709e+21 1.30600624627e+21
586.466213647 1.44386246115e+21 1.29875065601e+21
594.726301163 1.45111805141e+21 1.29149506575e+21
602.986388679 1.42209569038e+21 1.29875065601e+21
611.246476195 1.42935128064e+21 1.29875065601e+21
619.506563711 1.42935128064e+21 1.29875065601e+21
627.766651228 1.42935128064e+21 1.29149506575e+21
636.026738744 1.42935128064e+21 1.29149506575e+21
644.28682626 1.42209569038e+21 1.29875065601e+21
652.546913776 1.42935128064e+21 1.29875065601e+21
660.807001292 1.4366068709e+21 1.29875065601e+21
669.067088809 1.41484010012e+21 1.29875065601e+21
677.327176325 1.3858177391e+21 1.29875065601e+21
685.587263841 1.39307332935e+21 1.29875065601e+21
693.847351357 1.39307332935e+21 1.29875065601e+21
702.107438874 1.40758450987e+21 1.29875065601e+21
710.36752639 1.42209569038e+21 1.29875065601e+21
718.627613906 1.42209569038e+21 1.29149506575e+21
726.887701422 1.40758450987e+21 1.29875065601e+21
735.147788938 1.39307332935e+21 1.29875065601e+21
743.407876455 1.3858177391e+21 1.29875065601e+21
751.667963971 1.39307332935e+21 1.29875065601e+21
759.928051487 1.39307332935e+21 1.29875065601e+21
768.188139003 1.40758450987e+21 1.29875065601e+21
776.448226519 1.40758450987e+21 1.29875065601e+21
784.708314036 1.40032891961e+21 1.29875065601e+21
792.968401552 1.3858177391e+21 1.29875065601e+21
801.228489068 1.36405096833e+21 1.29875065601e+21
809.488576584 1.34228419755e+21 1.29875065601e+21
817.7486641 1.35679537807e+21 1.29875065601e+21
826.008751617 1.34953978781e+21 1.29875065601e+21
834.268839133 1.34953978781e+21 1.29875065601e+21
842.528926649 1.34953978781e+21 1.29875065601e+21
850.789014165 1.32051742678e+21 1.29875065601e+21
859.049101681 1.32051742678e+21 1.29875065601e+21
867.309189198 1.32051742678e+21 1.29875065601e+21
875.569276714 1.31326183653e+21 1.29875065601e+21
883.82936423 1.30600624627e+21 1.29875065601e+21
892.089451746 1.29149506575e+21 1.29875065601e+21
900.349539262 1.29149506575e+21 1.29875065601e+21
908.609626779 1.2842394755e+21 1.29875065601e+21
916.869714295 1.29149506575e+21 1.29875065601e+21
925.129801811 1.27698388524e+21 1.29875065601e+21
933.389889327 1.25521711447e+21 1.29875065601e+21
941.649976843 1.25521711447e+21 1.29875065601e+21
949.91006436 1.25521711447e+21 1.29875065601e+21
958.170151876 1.25521711447e+21 1.29875065601e+21
966.430239392 1.25521711447e+21 1.29875065601e+21
974.690326908 1.25521711447e+21 1.29875065601e+21
982.950414424 1.25521711447e+21 1.29875065601e+21
991.210501941 1.25521711447e+21 1.29875065601e+21
999.470589457 1.25521711447e+21 1.29875065601e+21
1007.73067697 1.24796152421e+21 1.29875065601e+21
1015.99076449 1.24070593396e+21 1.29875065601e+21
1024.25085201 1.2334503437e+21 1.29875065601e+21
1032.51093952 1.21893916318e+21 1.29875065601e+21
1040.77102704 1.20442798267e+21 1.29875065601e+21
1049.03111455 1.18991680216e+21 1.29875065601e+21
1057.29120207 1.1826612119e+21 1.29875065601e+21
1065.55128959 1.17540562164e+21 1.29875065601e+21
1073.8113771 1.17540562164e+21 1.29875065601e+21
1082.07146462 1.16815003138e+21 1.29875065601e+21
1090.33155214 1.16089444113e+21 1.29875065601e+21
1098.59163965 1.16089444113e+21 1.29875065601e+21
1106.85172717 1.15363885087e+21 1.29875065601e+21
1115.11181468 1.15363885087e+21 1.29875065601e+21
1123.3719022 1.15363885087e+21 1.29875065601e+21
1131.63198972 1.16089444113e+21 1.29875065601e+21
1139.89207723 1.16089444113e+21 1.29875065601e+21
1148.15216475 1.14638326061e+21 1.29875065601e+21
1156.41225226 1.1318720801e+21 1.29875065601e+21
1164.67233978 1.1318720801e+21 1.29875065601e+21
1172.9324273 1.1318720801e+21 1.29875065601e+21
1181.19251481 1.1318720801e+21 1.29875065601e+21
1189.45260233 1.11736089959e+21 1.30600624627e+21
1197.71268985 1.11736089959e+21 1.30600624627e+21
1205.97277736 1.12461648984e+21 1.30600624627e+21
1214.23286488 1.12461648984e+21 1.30600624627e+21
1222.49295239 1.1318720801e+21 1.30600624627e+21
1230.75303991 1.1318720801e+21 1.30600624627e+21
1239.01312743 1.11736089959e+21 1.30600624627e+21
1247.27321494 1.11010530933e+21 1.30600624627e+21
1255.53330246 1.08833853856e+21 1.30600624627e+21
1263.79338997 1.0810829483e+21 1.30600624627e+21
1272.05347749 1.07382735804e+21 1.30600624627e+21
1280.31356501 1.06657176779e+21 1.30600624627e+21
1288.57365252 1.05931617753e+21 1.30600624627e+21
1296.83374004 1.05206058727e+21 1.30600624627e+21
1305.09382756 1.03754940676e+21 1.30600624627e+21
1313.35391507 1.02303822624e+21 1.30600624627e+21
1321.61400259 1.0302938165e+21 1.30600624627e+21
1329.8740901 1.02303822624e+21 1.30600624627e+21
1338.13417762 1.00852704573e+21 1.30600624627e+21
1346.39426514 1.00852704573e+21 1.30600624627e+21
1354.65435265 1.00127145547e+21 1.30600624627e+21
1362.91444017 1.00127145547e+21 1.30600624627e+21
1371.17452768 1.00127145547e+21 1.30600624627e+21
1379.4346152 9.94015865216e+20 1.30600624627e+21
1387.69470272 1.00127145547e+21 1.30600624627e+21
1395.95479023 9.94015865216e+20 1.30600624627e+21
1404.21487775 9.86760274959e+20 1.30600624627e+21
1412.47496526 9.64993504188e+20 1.30600624627e+21
1420.73505278 9.72249094445e+20 1.30600624627e+21
1428.9951403 9.57737913931e+20 1.30600624627e+21
1437.25522781 9.57737913931e+20 1.30600624627e+21
1445.51531533 9.57737913931e+20 1.30600624627e+21
1453.77540284 9.57737913931e+20 1.30600624627e+21
1462.03549036 9.64993504188e+20 1.30600624627e+21
1470.29557788 9.57737913931e+20 1.30600624627e+21
1478.55566539 9.79504684702e+20 1.30600624627e+21
1486.81575291 9.86760274959e+20 1.30600624627e+21
1495.07584042 9.72249094445e+20 1.30600624627e+21
1503.33592794 9.86760274959e+20 1.30600624627e+21
1511.59601546 9.86760274959e+20 1.30600624627e+21
1519.85610297 9.64993504188e+20 1.30600624627e+21
1528.11619049 9.57737913931e+20 1.30600624627e+21
1536.376278 9.57737913931e+20 1.30600624627e+21
1544.63636552 9.50482323673e+20 1.30600624627e+21
1552.89645304 9.50482323673e+20 1.30600624627e+21
1561.15654055 9.50482323673e+20 1.30600624627e+21
1569.41662807 9.50482323673e+20 1.30600624627e+21
1577.67671559 9.35971143159e+20 1.30600624627e+21
1585.9368031 9.28715552902e+20 1.30600624627e+21
1594.19689062 9.21459962645e+20 1.30600624627e+21
1602.45697813 9.21459962645e+20 1.30600624627e+21
1610.71706565 9.06948782131e+20 1.30600624627e+21
1618.97715317 9.06948782131e+20 1.30600624627e+21
1627.23724068 9.06948782131e+20 1.30600624627e+21
1635.4973282 9.06948782131e+20 1.30600624627e+21
1643.75741571 9.06948782131e+20 1.30600624627e+21
1652.01750323 8.99693191874e+20 1.30600624627e+21
1660.27759075 8.99693191874e+20 1.30600624627e+21
1668.53767826 8.8518201136e+20 1.30600624627e+21
1676.79776578 8.8518201136e+20 1.30600624627e+21
1685.05785329 8.77926421103e+20 1.30600624627e+21
1693.31794081 8.70670830846e+20 1.30600624627e+21
1701.57802833 8.63415240589e+20 1.30600624627e+21
1709.83811584 8.8518201136e+20 1.30600624627e+21
1718.09820336 8.70670830846e+20 1.30600624627e+21
1726.35829087 8.63415240589e+20 1.30600624627e+21
1734.61837839 8.70670830846e+20 1.30600624627e+21
1742.87846591 8.77926421103e+20 1.30600624627e+21
1751.13855342 8.56159650332e+20 1.30600624627e+21
1759.39864094 8.48904060075e+20 1.30600624627e+21
1767.65872845 8.27137289304e+20 1.30600624627e+21
1775.91881597 8.27137289304e+20 1.30600624627e+21
1784.17890349 8.27137289304e+20 1.30600624627e+21
1792.438991 8.41648469818e+20 1.30600624627e+21
1800.69907852 8.34392879561e+20 1.30600624627e+21
1808.95916604 8.27137289304e+20 1.30600624627e+21
1817.21925355 8.27137289304e+20 1.30600624627e+21
1825.47934107 8.27137289304e+20 1.30600624627e+21
1833.73942858 8.27137289304e+20 1.30600624627e+21
1841.9995161 8.27137289304e+20 1.30600624627e+21
1850.25960362 8.34392879561e+20 1.30600624627e+21
1858.51969113 8.1262610879e+20 1.30600624627e+21
1866.77977865 7.98114928275e+20 1.30600624627e+21
1875.03986616 8.05370518533e+20 1.30600624627e+21
1883.29995368 8.05370518533e+20 1.30600624627e+21
1891.5600412 7.83603747761e+20 1.30600624627e+21
1899.82012871 7.83603747761e+20 1.30600624627e+21
1908.08021623 7.83603747761e+20 1.30600624627e+21
1916.34030374 7.83603747761e+20 1.30600624627e+21
1924.60039126 7.76348157504e+20 1.30600624627e+21
1932.86047878 7.6183697699e+20 1.30600624627e+21
1941.12056629 7.6183697699e+20 1.30600624627e+21
1949.38065381 7.69092567247e+20 1.30600624627e+21
1957.64074132 7.76348157504e+20 1.30600624627e+21
1965.90082884 7.83603747761e+20 1.30600624627e+21
1974.16091636 7.83603747761e+20 1.30600624627e+21
1982.42100387 7.83603747761e+20 1.30600624627e+21
1990.68109139 8.05370518533e+20 1.30600624627e+21
1998.9411789 8.05370518533e+20 1.30600624627e+21
2007.20126642 7.98114928275e+20 1.30600624627e+21
2015.46135394 7.98114928275e+20 1.30600624627e+21
2023.72144145 7.90859338018e+20 1.30600624627e+21
2031.98152897 7.90859338018e+20 1.30600624627e+21
2040.24161649 7.83603747761e+20 1.30600624627e+21
2048.501704 7.83603747761e+20 1.30600624627e+21
2056.76179152 7.83603747761e+20 1.30600624627e+21
2065.02187903 7.69092567247e+20 1.30600624627e+21
2073.28196655 7.76348157504e+20 1.30600624627e+21
2081.54205407 7.76348157504e+20 1.30600624627e+21
2089.80214158 7.6183697699e+20 1.30600624627e+21
2098.0622291 7.6183697699e+20 1.30600624627e+21
2106.32231661 7.6183697699e+20 1.30600624627e+21
2114.58240413 7.6183697699e+20 1.30600624627e+21
2122.84249165 7.6183697699e+20 1.30600624627e+21
2131.10257916 7.6183697699e+20 1.30600624627e+21
2139.36266668 7.47325796476e+20 1.30600624627e+21
2147.62275419 7.32814615962e+20 1.30600624627e+21
