0.0 0.0 3.38836065004e+21 0.0 0 467 0
8.26008751617 0.0 3.38836065004e+21 0.0 0 467 0
16.5201750323 0.0 3.38836065004e+21 0.0 0 467 0
24.7802625485 0.0 3.38836065004e+21 0.0 0 467 0
33.0403500647 0.0 3.38836065004e+21 0.0 0 467 0
41.3004375808 0.0 3.38836065004e+21 0.0 0 467 0
49.560525097 0.0 3.38836065004e+21 0.0 0 467 0
57.8206126132 0.0 3.38836065004e+21 0.0 0 467 0
66.0807001293 0.0 3.38836065004e+21 0.0 0 467 0
74.3407876455 0.0 3.38836065004e+21 0.0 0 467 0
82.6008751617 0.0 3.38836065004e+21 0.0 0 467 0
90.8609626779 0.0 3.38836065004e+21 0.0 0 467 0
99.121050194 0.0 3.38836065004e+21 0.0 0 467 0
107.38113771 0.0 3.38836065004e+21 0.0 0 467 0
115.641225226 0.0 3.38836065004e+21 0.0 0 467 0
123.901312743 0.0 3.38836065004e+21 0.0 0 467 0
132.161400259 0.0 3.38836065004e+21 0.0 0 467 0
140.421487775 0.0 3.38836065004e+21 0.0 0 467 0
148.681575291 0.0 3.38836065004e+21 0.0 0 467 0
156.941662807 0.0 3.38836065004e+21 0.0 0 467 0
165.201750323 0.0 3.38836065004e+21 0.0 0 467 0
173.46183784 0.0 3.38836065004e+21 0.0 0 467 0
181.721925356 0.0 3.38836065004e+21 0.0 0 467 0
189.982012872 0.0 3.38836065004e+21 0.0 0 467 0
198.242100388 0.0 3.38836065004e+21 0.0 0 467 0
206.502187904 0.0 3.38836065004e+21 0.0 0 467 0
214.76227542 0.0 3.38836065004e+21 0.0 0 467 0
223.022362937 4.93380137479e+20 2.86595815153e+21 0.0 68 395 0
231.282450453 6.82025484163e+20 2.60475690228e+21 0.0 94 359 0
239.542537969 7.54581386733e+20 2.49592304843e+21 0.0 104 344 0
247.802625485 7.54581386733e+20 2.4669006874e+21 0.0 104 340 0
256.062713001 7.98114928275e+20 2.40160037508e+21 0.0 110 331 0
264.322800517 8.27137289304e+20 2.32178888226e+21 0.0 114 320 0
272.582888034 8.92437601617e+20 2.18393266737e+21 0.0 123 301 0
280.84297555 9.35971143159e+20 2.08235440377e+21 0.0 129 287 0
289.103063066 9.86760274959e+20 1.98803173043e+21 0.0 136 274 0
297.363150582 1.01578263599e+21 1.92998700838e+21 0.0 140 266 0
305.623238098 1.02303822624e+21 1.9082202376e+21 0.0 141 263 0
313.883325614 1.02303822624e+21 1.87919787658e+21 0.0 141 259 0
322.143413131 1.03754940676e+21 1.79938638375e+21 0.0 143 248 0
330.403500647 1.0810829483e+21 1.74134166169e+21 0.0 149 240 0
338.663588163 1.11736089959e+21 1.67604134938e+21 0.0 154 231 0
346.923675679 1.12461648984e+21 1.61799662732e+21 0.0 155 223 0
355.183763195 1.12461648984e+21 1.61074103707e+21 0.0 155 222 0
363.443850711 1.13912767036e+21 1.57446308578e+21 0.0 157 217 0
371.703938227 1.13912767036e+21 1.53818513449e+21 0.0 157 212 0
379.964025743 1.19717239241e+21 1.45837364167e+21 0.0 165 201 0
388.22411326 1.1826612119e+21 1.45111805141e+21 0.0 163 200 0
396.484200776 1.22619475344e+21 1.42209569038e+21 0.0 169 196 0
404.744288292 1.1826612119e+21 1.42935128064e+21 0.0 163 197 0
413.004375808 1.20442798267e+21 1.40032891961e+21 0.0 166 193 0
421.264463324 1.21168357293e+21 1.34228419755e+21 0.0 167 185 0
429.52455084 1.19717239241e+21 1.35679537807e+21 0.0 165 187 0
437.784638356 1.18991680216e+21 1.36405096833e+21 0.0 164 188 0
446.044725873 1.15363885087e+21 1.37130655858e+21 0.0 159 189 0
454.304813389 1.16815003138e+21 1.37856214884e+21 0.0 161 190 0
462.564900905 1.16815003138e+21 1.36405096833e+21 0.0 161 188 0
470.824988421 1.19717239241e+21 1.34228419755e+21 0.0 165 185 0
479.085075937 1.2334503437e+21 1.32051742678e+21 0.0 170 182 0
487.345163453 1.27698388524e+21 1.31326183653e+21 0.0 176 181 0
495.605250969 1.2842394755e+21 1.31326183653e+21 0.0 177 181 0
503.865338486 1.27698388524e+21 1.29875065601e+21 0.0 176 179 0
512.125426002 1.27698388524e+21 1.29875065601e+21 0.0 176 179 0
520.385513518 1.2842394755e+21 1.29149506575e+21 0.0 177 178 0
528.645601034 1.32777301704e+21 1.26972829498e+21 0.0 183 175 0
536.90568855 1.34228419755e+21 1.26247270473e+21 0.0 185 174 0
545.165776066 1.3350286073e+21 1.26247270473e+21 0.0 184 174 0
553.425863582 1.34228419755e+21 1.26972829498e+21 0.0 185 175 0
561.685951098 1.34228419755e+21 1.26972829498e+21 0.0 185 175 0
569.946038615 1.34228419755e+21 1.24796152421e+21 0.0 185 172 0
578.206126131 1.32777301704e+21 1.24796152421e+21 0.0 183 172 0
586.466213647 1.34228419755e+21 1.24070593396e+21 0.0 185 171 0
594.726301163 1.3350286073e+21 1.2334503437e+21 0.0 184 170 0
602.986388679 1.34228419755e+21 1.2334503437e+21 0.0 185 170 0
611.246476195 1.34228419755e+21 1.2334503437e+21 0.0 185 170 0
619.506563711 1.3350286073e+21 1.22619475344e+21 0.0 184 169 0
627.766651228 1.34953978781e+21 1.21893916318e+21 0.0 186 168 0
636.026738744 1.37130655858e+21 1.21893916318e+21 0.0 189 168 0
644.28682626 1.37130655858e+21 1.21893916318e+21 0.0 189 168 0
652.546913776 1.37130655858e+21 1.21893916318e+21 0.0 189 168 0
660.807001292 1.35679537807e+21 1.21893916318e+21 0.0 187 168 0
669.067088809 1.35679537807e+21 1.21893916318e+21 0.0 187 168 0
677.327176325 1.35679537807e+21 1.21893916318e+21 0.0 187 168 0
685.587263841 1.36405096833e+21 1.21893916318e+21 0.0 188 168 0
693.847351357 1.35679537807e+21 1.21893916318e+21 0.0 187 168 0
702.107438874 1.35679537807e+21 1.21893916318e+21 0.0 187 168 0
710.36752639 1.36405096833e+21 1.21893916318e+21 0.0 188 168 0
718.627613906 1.37130655858e+21 1.21893916318e+21 0.0 189 168 0
726.887701422 1.36405096833e+21 1.22619475344e+21 0.0 188 169 0
735.147788938 1.37130655858e+21 1.22619475344e+21 0.0 189 169 0
743.407876455 1.37130655858e+21 1.22619475344e+21 0.0 189 169 0
751.667963971 1.37130655858e+21 1.22619475344e+21 0.0 189 169 0
759.928051487 1.36405096833e+21 1.22619475344e+21 0.0 188 169 0
768.188139003 1.37856214884e+21 1.21893916318e+21 0.0 190 168 0
776.448226519 1.37856214884e+21 1.21893916318e+21 0.0 190 168 0
784.708314036 1.37130655858e+21 1.21893916318e+21 0.0 189 168 0
792.968401552 1.36405096833e+21 1.21893916318e+21 0.0 188 168 0
801.228489068 1.36405096833e+21 1.21168357293e+21 0.0 188 167 0
809.488576584 1.36405096833e+21 1.20442798267e+21 0.0 188 166 0
817.7486641 1.37130655858e+21 1.20442798267e+21 0.0 189 166 0
826.008751617 1.36405096833e+21 1.20442798267e+21 0.0 188 166 0
834.268839133 1.35679537807e+21 1.20442798267e+21 0.0 187 166 0
842.528926649 1.34953978781e+21 1.20442798267e+21 0.0 186 166 0
850.789014165 1.34228419755e+21 1.20442798267e+21 0.0 185 166 0
859.049101681 1.34953978781e+21 1.20442798267e+21 0.0 186 166 0
867.309189198 1.34228419755e+21 1.20442798267e+21 0.0 185 166 0
875.569276714 1.34228419755e+21 1.20442798267e+21 0.0 185 166 0
883.82936423 1.34228419755e+21 1.20442798267e+21 0.0 185 166 0
892.089451746 1.3350286073e+21 1.20442798267e+21 0.0 184 166 0
900.349539262 1.3350286073e+21 1.20442798267e+21 0.0 184 166 0
908.609626779 1.3350286073e+21 1.20442798267e+21 0.0 184 166 0
916.869714295 1.31326183653e+21 1.20442798267e+21 0.0 181 166 0
925.129801811 1.31326183653e+21 1.20442798267e+21 0.0 181 166 0
933.389889327 1.30600624627e+21 1.20442798267e+21 0.0 180 166 0
941.649976843 1.29875065601e+21 1.20442798267e+21 0.0 179 166 0
949.91006436 1.30600624627e+21 1.20442798267e+21 0.0 180 166 0
958.170151876 1.32051742678e+21 1.20442798267e+21 0.0 182 166 0
966.430239392 1.32051742678e+21 1.20442798267e+21 0.0 182 166 0
974.690326908 1.31326183653e+21 1.20442798267e+21 0.0 181 166 0
982.950414424 1.31326183653e+21 1.20442798267e+21 0.0 181 166 0
991.210501941 1.31326183653e+21 1.20442798267e+21 0.0 181 166 0
999.470589457 1.31326183653e+21 1.20442798267e+21 0.0 181 166 0
1007.73067697 1.29149506575e+21 1.20442798267e+21 0.0 178 166 0
1015.99076449 1.29149506575e+21 1.20442798267e+21 0.0 178 166 0
1024.25085201 1.29149506575e+21 1.20442798267e+21 0.0 178 166 0
1032.51093952 1.29149506575e+21 1.20442798267e+21 0.0 178 166 0
1040.77102704 1.29149506575e+21 1.20442798267e+21 0.0 178 166 0
1049.03111455 1.27698388524e+21 1.20442798267e+21 0.0 176 166 0
1057.29120207 1.27698388524e+21 1.20442798267e+21 0.0 176 166 0
1065.55128959 1.26972829498e+21 1.20442798267e+21 0.0 175 166 0
1073.8113771 1.26972829498e+21 1.20442798267e+21 0.0 175 166 0
1082.07146462 1.27698388524e+21 1.20442798267e+21 0.0 176 166 0
1090.33155214 1.26972829498e+21 1.20442798267e+21 0.0 175 166 0
1098.59163965 1.27698388524e+21 1.20442798267e+21 0.0 176 166 0
1106.85172717 1.27698388524e+21 1.20442798267e+21 0.0 176 166 0
1115.11181468 1.26972829498e+21 1.20442798267e+21 0.0 175 166 0
1123.3719022 1.26972829498e+21 1.20442798267e+21 0.0 175 166 0
1131.63198972 1.25521711447e+21 1.20442798267e+21 0.0 173 166 0
1139.89207723 1.26247270473e+21 1.20442798267e+21 0.0 174 166 0
1148.15216475 1.26247270473e+21 1.20442798267e+21 0.0 174 166 0
1156.41225226 1.26247270473e+21 1.20442798267e+21 0.0 174 166 0
1164.67233978 1.26247270473e+21 1.20442798267e+21 0.0 174 166 0
1172.9324273 1.24796152421e+21 1.20442798267e+21 0.0 172 166 0
1181.19251481 1.24796152421e+21 1.20442798267e+21 0.0 172 166 0
1189.45260233 1.2334503437e+21 1.20442798267e+21 0.0 170 166 0
1197.71268985 1.2334503437e+21 1.20442798267e+21 0.0 170 166 0
1205.97277736 1.2334503437e+21 1.20442798267e+21 0.0 170 166 0
1214.23286488 1.24070593396e+21 1.20442798267e+21 0.0 171 166 0
1222.49295239 1.21893916318e+21 1.20442798267e+21 0.0 168 166 0
1230.75303991 1.22619475344e+21 1.20442798267e+21 0.0 169 166 0
1239.01312743 1.22619475344e+21 1.20442798267e+21 0.0 169 166 0
1247.27321494 1.21893916318e+21 1.20442798267e+21 0.0 168 166 0
1255.53330246 1.20442798267e+21 1.20442798267e+21 0.0 166 166 0
1263.79338997 1.19717239241e+21 1.20442798267e+21 0.0 165 166 0
1272.05347749 1.19717239241e+21 1.20442798267e+21 0.0 165 166 0
1280.31356501 1.1826612119e+21 1.20442798267e+21 0.0 163 166 0
1288.57365252 1.1826612119e+21 1.20442798267e+21 0.0 163 166 0
1296.83374004 1.17540562164e+21 1.20442798267e+21 0.0 162 166 0
1305.09382756 1.17540562164e+21 1.20442798267e+21 0.0 162 166 0
1313.35391507 1.16815003138e+21 1.20442798267e+21 0.0 161 166 0
1321.61400259 1.16089444113e+21 1.20442798267e+21 0.0 160 166 0
1329.8740901 1.16089444113e+21 1.20442798267e+21 0.0 160 166 0
1338.13417762 1.15363885087e+21 1.20442798267e+21 0.0 159 166 0
1346.39426514 1.15363885087e+21 1.20442798267e+21 0.0 159 166 0
1354.65435265 1.14638326061e+21 1.20442798267e+21 0.0 158 166 0
1362.91444017 1.1318720801e+21 1.20442798267e+21 0.0 156 166 0
1371.17452768 1.12461648984e+21 1.20442798267e+21 0.0 155 166 0
1379.4346152 1.11736089959e+21 1.20442798267e+21 0.0 154 166 0
1387.69470272 1.11010530933e+21 1.20442798267e+21 0.0 153 166 0
1395.95479023 1.1318720801e+21 1.20442798267e+21 0.0 156 166 0
1404.21487775 1.12461648984e+21 1.20442798267e+21 0.0 155 166 0
1412.47496526 1.12461648984e+21 1.20442798267e+21 0.0 155 166 0
1420.73505278 1.11736089959e+21 1.20442798267e+21 0.0 154 166 0
1428.9951403 1.11736089959e+21 1.20442798267e+21 0.0 154 166 0
1437.25522781 1.11736089959e+21 1.20442798267e+21 0.0 154 166 0
1445.51531533 1.11010530933e+21 1.20442798267e+21 0.0 153 166 0
1453.77540284 1.10284971907e+21 1.20442798267e+21 0.0 152 166 0
1462.03549036 1.08833853856e+21 1.20442798267e+21 0.0 150 166 0
1470.29557788 1.08833853856e+21 1.20442798267e+21 0.0 150 166 0
1478.55566539 1.0810829483e+21 1.20442798267e+21 0.0 149 166 0
1486.81575291 1.07382735804e+21 1.20442798267e+21 0.0 148 166 0
1495.07584042 1.06657176779e+21 1.20442798267e+21 0.0 147 166 0
1503.33592794 1.05206058727e+21 1.20442798267e+21 0.0 145 166 0
1511.59601546 1.03754940676e+21 1.20442798267e+21 0.0 143 166 0
1519.85610297 1.03754940676e+21 1.20442798267e+21 0.0 143 166 0
1528.11619049 1.03754940676e+21 1.20442798267e+21 0.0 143 166 0
1536.376278 1.0302938165e+21 1.20442798267e+21 0.0 142 166 0
1544.63636552 1.0302938165e+21 1.20442798267e+21 0.0 142 166 0
1552.89645304 1.03754940676e+21 1.20442798267e+21 0.0 143 166 0
1561.15654055 1.0302938165e+21 1.20442798267e+21 0.0 142 166 0
1569.41662807 1.0302938165e+21 1.20442798267e+21 0.0 142 166 0
1577.67671559 1.03754940676e+21 1.20442798267e+21 0.0 143 166 0
1585.9368031 1.03754940676e+21 1.20442798267e+21 0.0 143 166 0
1594.19689062 1.0302938165e+21 1.20442798267e+21 0.0 142 166 0
1602.45697813 1.0302938165e+21 1.20442798267e+21 0.0 142 166 0
1610.71706565 1.02303822624e+21 1.20442798267e+21 0.0 141 166 0
1618.97715317 1.01578263599e+21 1.20442798267e+21 0.0 140 166 0
1627.23724068 1.01578263599e+21 1.20442798267e+21 0.0 140 166 0
1635.4973282 1.00127145547e+21 1.20442798267e+21 0.0 138 166 0
1643.75741571 1.00127145547e+21 1.20442798267e+21 0.0 138 166 0
1652.01750323 1.00127145547e+21 1.20442798267e+21 0.0 138 166 0
1660.27759075 9.79504684702e+20 1.20442798267e+21 0.0 135 166 0
1668.53767826 9.86760274959e+20 1.20442798267e+21 0.0 136 166 0
1676.79776578 9.86760274959e+20 1.20442798267e+21 0.0 136 166 0
1685.05785329 9.86760274959e+20 1.20442798267e+21 0.0 136 166 0
1693.31794081 9.79504684702e+20 1.20442798267e+21 0.0 135 166 0
1701.57802833 9.64993504188e+20 1.20442798267e+21 0.0 133 166 0
1709.83811584 9.57737913931e+20 1.20442798267e+21 0.0 132 166 0
1718.09820336 9.57737913931e+20 1.20442798267e+21 0.0 132 166 0
1726.35829087 9.64993504188e+20 1.20442798267e+21 0.0 133 166 0
1734.61837839 9.72249094445e+20 1.20442798267e+21 0.0 134 166 0
1742.87846591 9.72249094445e+20 1.20442798267e+21 0.0 134 166 0
1751.13855342 9.79504684702e+20 1.20442798267e+21 0.0 135 166 0
1759.39864094 9.86760274959e+20 1.20442798267e+21 0.0 136 166 0
1767.65872845 9.86760274959e+20 1.20442798267e+21 0.0 136 166 0
1775.91881597 9.79504684702e+20 1.20442798267e+21 0.0 135 166 0
1784.17890349 9.79504684702e+20 1.20442798267e+21 0.0 135 166 0
1792.438991 9.86760274959e+20 1.20442798267e+21 0.0 136 166 0
1800.69907852 9.94015865216e+20 1.20442798267e+21 0.0 137 166 0
1808.95916604 9.94015865216e+20 1.20442798267e+21 0.0 137 166 0
1817.21925355 9.86760274959e+20 1.20442798267e+21 0.0 136 166 0
1825.47934107 9.86760274959e+20 1.20442798267e+21 0.0 136 166 0
1833.73942858 9.79504684702e+20 1.20442798267e+21 0.0 135 166 0
1841.9995161 9.72249094445e+20 1.20442798267e+21 0.0 134 166 0
1850.25960362 9.72249094445e+20 1.20442798267e+21 0.0 134 166 0
1858.51969113 9.79504684702e+20 1.20442798267e+21 0.0 135 166 0
1866.77977865 9.79504684702e+20 1.20442798267e+21 0.0 135 166 0
1875.03986616 9.79504684702e+20 1.20442798267e+21 0.0 135 166 0
1883.29995368 9.79504684702e+20 1.20442798267e+21 0.0 135 166 0
1891.5600412 9.72249094445e+20 1.20442798267e+21 0.0 134 166 0
1899.82012871 9.79504684702e+20 1.20442798267e+21 0.0 135 166 0
1908.08021623 9.72249094445e+20 1.20442798267e+21 0.0 134 166 0
1916.34030374 9.64993504188e+20 1.20442798267e+21 0.0 133 166 0
1924.60039126 9.72249094445e+20 1.20442798267e+21 0.0 134 166 0
1932.86047878 9.79504684702e+20 1.20442798267e+21 0.0 135 166 0
1941.12056629 9.72249094445e+20 1.20442798267e+21 0.0 134 166 0
1949.38065381 9.72249094445e+20 1.20442798267e+21 0.0 134 166 0
1957.64074132 9.64993504188e+20 1.20442798267e+21 0.0 133 166 0
1965.90082884 9.43226733416e+20 1.20442798267e+21 0.0 130 166 0
1974.16091636 9.43226733416e+20 1.20442798267e+21 0.0 130 166 0
1982.42100387 9.50482323673e+20 1.20442798267e+21 0.0 131 166 0
1990.68109139 9.35971143159e+20 1.20442798267e+21 0.0 129 166 0
1998.9411789 9.21459962645e+20 1.20442798267e+21 0.0 127 166 0
2007.20126642 9.21459962645e+20 1.20442798267e+21 0.0 127 166 0
2015.46135394 9.21459962645e+20 1.20442798267e+21 0.0 127 166 0
2023.72144145 9.21459962645e+20 1.20442798267e+21 0.0 127 166 0
2031.98152897 9.21459962645e+20 1.20442798267e+21 0.0 127 166 0
2040.24161649 9.21459962645e+20 1.20442798267e+21 0.0 127 166 0
2048.501704 9.06948782131e+20 1.20442798267e+21 0.0 125 166 0
2056.76179152 9.06948782131e+20 1.20442798267e+21 0.0 125 166 0
2065.02187903 9.14204372388e+20 1.20442798267e+21 0.0 126 166 0
2073.28196655 9.21459962645e+20 1.20442798267e+21 0.0 127 166 0
2081.54205407 9.14204372388e+20 1.20442798267e+21 0.0 126 166 0
2089.80214158 9.21459962645e+20 1.20442798267e+21 0.0 127 166 0
2098.0622291 9.14204372388e+20 1.20442798267e+21 0.0 126 166 0
2106.32231661 9.14204372388e+20 1.20442798267e+21 0.0 126 166 0
2114.58240413 9.14204372388e+20 1.20442798267e+21 0.0 126 166 0
2122.84249165 9.14204372388e+20 1.20442798267e+21 0.0 126 166 0
2131.10257916 9.14204372388e+20 1.20442798267e+21 0.0 126 166 0
2139.36266668 8.99693191874e+20 1.20442798267e+21 0.0 124 166 0
2147.62275419 8.92437601617e+20 1.20442798267e+21 0.0 123 166 0
2155.88284171 8.92437601617e+20 1.20442798267e+21 0.0 123 166 0
2164.14292923 8.99693191874e+20 1.20442798267e+21 0.0 124 166 0
2172.40301674 8.99693191874e+20 1.20442798267e+21 0.0 124 166 0
2180.66310426 8.99693191874e+20 1.20442798267e+21 0.0 124 166 0
2188.92319177 8.99693191874e+20 1.20442798267e+21 0.0 124 166 0
2197.18327929 9.06948782131e+20 1.20442798267e+21 0.0 125 166 0
2205.44336681 8.92437601617e+20 1.20442798267e+21 0.0 123 166 0
2213.70345432 8.92437601617e+20 1.20442798267e+21 0.0 123 166 0
2221.96354184 8.92437601617e+20 1.20442798267e+21 0.0 123 166 0
2230.22362935 8.92437601617e+20 1.20442798267e+21 0.0 123 166 0
2238.48371687 8.92437601617e+20 1.20442798267e+21 0.0 123 166 0
2246.74380439 8.92437601617e+20 1.20442798267e+21 0.0 123 166 0
2255.0038919 8.8518201136e+20 1.20442798267e+21 0.0 122 166 0
2263.26397942 8.77926421103e+20 1.20442798267e+21 0.0 121 166 0
2271.52406693 8.77926421103e+20 1.20442798267e+21 0.0 121 166 0
2279.78415445 8.77926421103e+20 1.20442798267e+21 0.0 121 166 0
2288.04424197 8.77926421103e+20 1.20442798267e+21 0.0 121 166 0
2296.30432948 8.70670830846e+20 1.20442798267e+21 0.0 120 166 0
2304.564417 8.70670830846e+20 1.20442798267e+21 0.0 120 166 0
2312.82450452 8.70670830846e+20 1.20442798267e+21 0.0 120 166 0
2321.08459203 8.63415240589e+20 1.20442798267e+21 0.0 119 166 0
2329.34467955 8.63415240589e+20 1.20442798267e+21 0.0 119 166 0
2337.60476706 8.63415240589e+20 1.20442798267e+21 0.0 119 166 0
2345.86485458 8.63415240589e+20 1.20442798267e+21 0.0 119 166 0
2354.1249421 8.77926421103e+20 1.20442798267e+21 0.0 121 166 0
2362.38502961 8.8518201136e+20 1.20442798267e+21 0.0 122 166 0
2370.64511713 8.8518201136e+20 1.20442798267e+21 0.0 122 166 0
2378.90520464 8.77926421103e+20 1.20442798267e+21 0.0 121 166 0
2387.16529216 8.77926421103e+20 1.20442798267e+21 0.0 121 166 0
2395.42537968 8.70670830846e+20 1.20442798267e+21 0.0 120 166 0
2403.68546719 8.63415240589e+20 1.20442798267e+21 0.0 119 166 0
2411.94555471 8.70670830846e+20 1.20442798267e+21 0.0 120 166 0
2420.20564222 8.70670830846e+20 1.20442798267e+21 0.0 120 166 0
2428.46572974 8.63415240589e+20 1.20442798267e+21 0.0 119 166 0
2436.72581726 8.63415240589e+20 1.20442798267e+21 0.0 119 166 0
2444.98590477 8.63415240589e+20 1.20442798267e+21 0.0 119 166 0
2453.24599229 8.48904060075e+20 1.20442798267e+21 0.0 117 166 0
2461.5060798 8.48904060075e+20 1.20442798267e+21 0.0 117 166 0
2469.76616732 8.48904060075e+20 1.20442798267e+21 0.0 117 166 0
2478.02625484 8.56159650332e+20 1.20442798267e+21 0.0 118 166 0
2486.28634235 8.56159650332e+20 1.20442798267e+21 0.0 118 166 0
2494.54642987 8.56159650332e+20 1.20442798267e+21 0.0 118 166 0
2502.80651738 8.56159650332e+20 1.20442798267e+21 0.0 118 166 0
2511.0666049 8.56159650332e+20 1.20442798267e+21 0.0 118 166 0
2519.32669242 8.63415240589e+20 1.20442798267e+21 0.0 119 166 0
2527.58677993 8.63415240589e+20 1.20442798267e+21 0.0 119 166 0
2535.84686745 8.70670830846e+20 1.20442798267e+21 0.0 120 166 0
2544.10695497 8.70670830846e+20 1.20442798267e+21 0.0 120 166 0
2552.36704248 8.77926421103e+20 1.20442798267e+21 0.0 121 166 0
2560.62713 8.77926421103e+20 1.20442798267e+21 0.0 121 166 0
2568.88721751 8.77926421103e+20 1.20442798267e+21 0.0 121 166 0
2577.14730503 8.77926421103e+20 1.20442798267e+21 0.0 121 166 0
2585.40739255 8.77926421103e+20 1.20442798267e+21 0.0 121 166 0
2593.66748006 8.77926421103e+20 1.20442798267e+21 0.0 121 166 0
2601.92756758 8.77926421103e+20 1.20442798267e+21 0.0 121 166 0
2610.18765509 8.8518201136e+20 1.20442798267e+21 0.0 122 166 0
2618.44774261 8.8518201136e+20 1.20442798267e+21 0.0 122 166 0
2626.70783013 8.8518201136e+20 1.20442798267e+21 0.0 122 166 0
2634.96791764 8.8518201136e+20 1.20442798267e+21 0.0 122 166 0
2643.22800516 8.8518201136e+20 1.20442798267e+21 0.0 122 166 0
2651.48809267 8.8518201136e+20 1.20442798267e+21 0.0 122 166 0
2659.74818019 8.8518201136e+20 1.20442798267e+21 0.0 122 166 0
2668.00826771 8.77926421103e+20 1.20442798267e+21 0.0 121 166 0
2676.26835522 8.70670830846e+20 1.20442798267e+21 0.0 120 166 0
2684.52844274 8.63415240589e+20 1.20442798267e+21 0.0 119 166 0
2692.78853025 8.56159650332e+20 1.20442798267e+21 0.0 118 166 0
2701.04861777 8.56159650332e+20 1.20442798267e+21 0.0 118 166 0
2709.30870529 8.56159650332e+20 1.20442798267e+21 0.0 118 166 0
2717.5687928 8.48904060075e+20 1.20442798267e+21 0.0 117 166 0
2725.82888032 8.41648469818e+20 1.20442798267e+21 0.0 116 166 0
2734.08896783 8.48904060075e+20 1.20442798267e+21 0.0 117 166 0
2742.34905535 8.48904060075e+20 1.20442798267e+21 0.0 117 166 0
2750.60914287 8.41648469818e+20 1.20442798267e+21 0.0 116 166 0
2758.86923038 8.41648469818e+20 1.20442798267e+21 0.0 116 166 0
2767.1293179 8.41648469818e+20 1.20442798267e+21 0.0 116 166 0
2775.38940542 8.34392879561e+20 1.20442798267e+21 0.0 115 166 0
2783.64949293 8.34392879561e+20 1.20442798267e+21 0.0 115 166 0
2791.90958045 8.34392879561e+20 1.20442798267e+21 0.0 115 166 0
2800.16966796 8.34392879561e+20 1.20442798267e+21 0.0 115 166 0
2808.42975548 8.34392879561e+20 1.20442798267e+21 0.0 115 166 0
2816.689843 8.41648469818e+20 1.20442798267e+21 0.0 116 166 0
2824.94993051 8.41648469818e+20 1.20442798267e+21 0.0 116 166 0
2833.21001803 8.34392879561e+20 1.20442798267e+21 0.0 115 166 0
2841.47010554 8.34392879561e+20 1.20442798267e+21 0.0 115 166 0
2849.73019306 8.34392879561e+20 1.20442798267e+21 0.0 115 166 0
2857.99028058 8.27137289304e+20 1.20442798267e+21 0.0 114 166 0
2866.25036809 8.27137289304e+20 1.20442798267e+21 0.0 114 166 0
2874.51045561 8.19881699047e+20 1.20442798267e+21 0.0 113 166 0
2882.77054312 8.19881699047e+20 1.20442798267e+21 0.0 113 166 0
2891.03063064 8.1262610879e+20 1.20442798267e+21 0.0 112 166 0
2899.29071816 8.05370518533e+20 1.20442798267e+21 0.0 111 166 0
2907.55080567 7.98114928275e+20 1.20442798267e+21 0.0 110 166 0
2915.81089319 7.90859338018e+20 1.20442798267e+21 0.0 109 166 0
2924.0709807 7.98114928275e+20 1.20442798267e+21 0.0 110 166 0
2932.33106822 7.98114928275e+20 1.20442798267e+21 0.0 110 166 0
2940.59115574 7.90859338018e+20 1.20442798267e+21 0.0 109 166 0
2948.85124325 7.83603747761e+20 1.20442798267e+21 0.0 108 166 0
2957.11133077 7.76348157504e+20 1.20442798267e+21 0.0 107 166 0
2965.37141828 7.6183697699e+20 1.20442798267e+21 0.0 105 166 0
2973.6315058 7.47325796476e+20 1.20442798267e+21 0.0 103 166 0
2981.89159332 7.32814615962e+20 1.20442798267e+21 0.0 101 166 0
2990.15168083 7.32814615962e+20 1.20442798267e+21 0.0 101 166 0
2998.41176835 7.32814615962e+20 1.20442798267e+21 0.0 101 166 0
3006.67185586 7.25559025705e+20 1.20442798267e+21 0.0 100 166 0
3014.93194338 7.25559025705e+20 1.20442798267e+21 0.0 100 166 0
3023.1920309 7.32814615962e+20 1.20442798267e+21 0.0 101 166 0
3031.45211841 7.32814615962e+20 1.20442798267e+21 0.0 101 166 0
3039.71220593 7.25559025705e+20 1.20442798267e+21 0.0 100 166 0
3047.97229345 7.18303435448e+20 1.20442798267e+21 0.0 99 166 0
3056.23238096 7.11047845191e+20 1.20442798267e+21 0.0 98 166 0
3064.49246848 7.11047845191e+20 1.20442798267e+21 0.0 98 166 0
3072.75255599 7.11047845191e+20 1.20442798267e+21 0.0 98 166 0
3081.01264351 7.03792254934e+20 1.20442798267e+21 0.0 97 166 0
3089.27273103 7.03792254934e+20 1.20442798267e+21 0.0 97 166 0
3097.53281854 7.03792254934e+20 1.20442798267e+21 0.0 97 166 0
3105.79290606 6.8928107442e+20 1.20442798267e+21 0.0 95 166 0
3114.05299357 6.8928107442e+20 1.20442798267e+21 0.0 95 166 0
3122.31308109 7.03792254934e+20 1.20442798267e+21 0.0 97 166 0
3130.57316861 7.11047845191e+20 1.20442798267e+21 0.0 98 166 0
3138.83325612 7.11047845191e+20 1.20442798267e+21 0.0 98 166 0
3147.09334364 7.11047845191e+20 1.20442798267e+21 0.0 98 166 0
3155.35343115 7.25559025705e+20 1.20442798267e+21 0.0 100 166 0
3163.61351867 7.25559025705e+20 1.20442798267e+21 0.0 100 166 0
3171.87360619 7.40070206219e+20 1.20442798267e+21 0.0 102 166 0
3180.1336937 7.40070206219e+20 1.20442798267e+21 0.0 102 166 0
3188.39378122 7.25559025705e+20 1.20442798267e+21 0.0 100 166 0
3196.65386873 7.25559025705e+20 1.20442798267e+21 0.0 100 166 0
3204.91395625 7.25559025705e+20 1.20442798267e+21 0.0 100 166 0
3213.17404377 7.25559025705e+20 1.20442798267e+21 0.0 100 166 0
3221.43413128 7.25559025705e+20 1.20442798267e+21 0.0 100 166 0
3229.6942188 7.25559025705e+20 1.20442798267e+21 0.0 100 166 0
3237.95430631 7.25559025705e+20 1.20442798267e+21 0.0 100 166 0
3246.21439383 7.25559025705e+20 1.20442798267e+21 0.0 100 166 0
3254.47448135 7.25559025705e+20 1.20442798267e+21 0.0 100 166 0
3262.73456886 7.18303435448e+20 1.20442798267e+21 0.0 99 166 0
3270.99465638 7.18303435448e+20 1.20442798267e+21 0.0 99 166 0
3279.2547439 7.18303435448e+20 1.20442798267e+21 0.0 99 166 0
3287.51483141 7.18303435448e+20 1.20442798267e+21 0.0 99 166 0
3295.77491893 7.25559025705e+20 1.20442798267e+21 0.0 100 166 0
3304.03500644 7.25559025705e+20 1.20442798267e+21 0.0 100 166 0
3312.29509396 7.25559025705e+20 1.20442798267e+21 0.0 100 166 0
3320.55518148 7.25559025705e+20 1.20442798267e+21 0.0 100 166 0
3328.81526899 7.25559025705e+20 1.20442798267e+21 0.0 100 166 0
3337.07535651 7.25559025705e+20 1.20442798267e+21 0.0 100 166 0
3345.33544402 7.18303435448e+20 1.20442798267e+21 0.0 99 166 0
3353.59553154 7.32814615962e+20 1.20442798267e+21 0.0 101 166 0
3361.85561906 7.32814615962e+20 1.20442798267e+21 0.0 101 166 0
3370.11570657 7.25559025705e+20 1.20442798267e+21 0.0 100 166 0
3378.37579409 7.25559025705e+20 1.20442798267e+21 0.0 100 166 0
3386.6358816 7.25559025705e+20 1.20442798267e+21 0.0 100 166 0
3394.89596912 7.25559025705e+20 1.20442798267e+21 0.0 100 166 0
3403.15605664 7.18303435448e+20 1.20442798267e+21 0.0 99 166 0
3411.41614415 7.25559025705e+20 1.20442798267e+21 0.0 100 166 0
3419.67623167 7.25559025705e+20 1.20442798267e+21 0.0 100 166 0
3427.93631918 7.25559025705e+20 1.20442798267e+21 0.0 100 166 0
3436.1964067 7.25559025705e+20 1.20442798267e+21 0.0 100 166 0
3444.45649422 7.25559025705e+20 1.20442798267e+21 0.0 100 166 0
3452.71658173 7.32814615962e+20 1.20442798267e+21 0.0 101 166 0
3460.97666925 7.32814615962e+20 1.20442798267e+21 0.0 101 166 0
3469.23675676 7.32814615962e+20 1.20442798267e+21 0.0 101 166 0
3477.49684428 7.25559025705e+20 1.20442798267e+21 0.0 100 166 0
3485.7569318 7.25559025705e+20 1.20442798267e+21 0.0 100 166 0
3494.01701931 7.25559025705e+20 1.20442798267e+21 0.0 100 166 0
3502.27710683 7.18303435448e+20 1.20442798267e+21 0.0 99 166 0
3510.53719435 7.11047845191e+20 1.20442798267e+21 0.0 98 166 0
3518.79728186 7.11047845191e+20 1.20442798267e+21 0.0 98 166 0
3527.05736938 7.11047845191e+20 1.20442798267e+21 0.0 98 166 0
3535.31745689 7.03792254934e+20 1.20442798267e+21 0.0 97 166 0
3543.57754441 6.8928107442e+20 1.20442798267e+21 0.0 95 166 0
3551.83763193 6.82025484163e+20 1.20442798267e+21 0.0 94 166 0
3560.09771944 6.53003123134e+20 1.20442798267e+21 0.0 90 166 0
3568.35780696 6.53003123134e+20 1.20442798267e+21 0.0 90 166 0
3576.61789447 6.53003123134e+20 1.20442798267e+21 0.0 90 166 0
3584.87798199 6.53003123134e+20 1.20442798267e+21 0.0 90 166 0
3593.13806951 6.45747532877e+20 1.20442798267e+21 0.0 89 166 0
3601.39815702 6.45747532877e+20 1.20442798267e+21 0.0 89 166 0
3609.65824454 6.45747532877e+20 1.20442798267e+21 0.0 89 166 0
3617.91833205 6.45747532877e+20 1.20442798267e+21 0.0 89 166 0
3626.17841957 6.45747532877e+20 1.20442798267e+21 0.0 89 166 0
3634.43850709 6.45747532877e+20 1.20442798267e+21 0.0 89 166 0
3642.6985946 6.45747532877e+20 1.20442798267e+21 0.0 89 166 0
3650.95868212 6.45747532877e+20 1.20442798267e+21 0.0 89 166 0
3659.21876963 6.45747532877e+20 1.20442798267e+21 0.0 89 166 0
3667.47885715 6.45747532877e+20 1.20442798267e+21 0.0 89 166 0
3675.73894467 6.53003123134e+20 1.20442798267e+21 0.0 90 166 0
3683.99903218 6.53003123134e+20 1.20442798267e+21 0.0 90 166 0
3692.2591197 6.53003123134e+20 1.20442798267e+21 0.0 90 166 0
3700.51920721 6.60258713392e+20 1.20442798267e+21 0.0 91 166 0
3708.77929473 6.53003123134e+20 1.20442798267e+21 0.0 90 166 0
3717.03938225 6.60258713392e+20 1.20442798267e+21 0.0 91 166 0
3725.29946976 6.60258713392e+20 1.20442798267e+21 0.0 91 166 0
3733.55955728 6.53003123134e+20 1.20442798267e+21 0.0 90 166 0
3741.81964479 6.45747532877e+20 1.20442798267e+21 0.0 89 166 0
3750.07973231 6.45747532877e+20 1.20442798267e+21 0.0 89 166 0
3758.33981983 6.45747532877e+20 1.20442798267e+21 0.0 89 166 0
3766.59990734 6.3849194262e+20 1.20442798267e+21 0.0 88 166 0
3774.85999486 6.3849194262e+20 1.20442798267e+21 0.0 88 166 0
3783.12008238 6.45747532877e+20 1.20442798267e+21 0.0 89 166 0
3791.38016989 6.45747532877e+20 1.20442798267e+21 0.0 89 166 0
3799.64025741 6.45747532877e+20 1.20442798267e+21 0.0 89 166 0
3807.90034492 6.45747532877e+20 1.20442798267e+21 0.0 89 166 0
3816.16043244 6.31236352363e+20 1.20442798267e+21 0.0 87 166 0
3824.42051996 6.3849194262e+20 1.20442798267e+21 0.0 88 166 0
3832.68060747 6.3849194262e+20 1.20442798267e+21 0.0 88 166 0
3840.94069499 6.3849194262e+20 1.20442798267e+21 0.0 88 166 0
3849.2007825 6.3849194262e+20 1.20442798267e+21 0.0 88 166 0
3857.46087002 6.3849194262e+20 1.20442798267e+21 0.0 88 166 0
3865.72095754 6.31236352363e+20 1.20442798267e+21 0.0 87 166 0
3873.98104505 6.31236352363e+20 1.20442798267e+21 0.0 87 166 0
3882.24113257 6.23980762106e+20 1.20442798267e+21 0.0 86 166 0
3890.50122008 6.23980762106e+20 1.20442798267e+21 0.0 86 166 0
3898.7613076 6.23980762106e+20 1.20442798267e+21 0.0 86 166 0
3907.02139512 6.16725171849e+20 1.20442798267e+21 0.0 85 166 0
3915.28148263 6.16725171849e+20 1.20442798267e+21 0.0 85 166 0
3923.54157015 6.16725171849e+20 1.20442798267e+21 0.0 85 166 0
3931.80165766 6.09469581592e+20 1.20442798267e+21 0.0 84 166 0
3940.06174518 6.09469581592e+20 1.20442798267e+21 0.0 84 166 0
3948.3218327 6.09469581592e+20 1.20442798267e+21 0.0 84 166 0
3956.58192021 6.09469581592e+20 1.20442798267e+21 0.0 84 166 0
3964.84200773 6.16725171849e+20 1.20442798267e+21 0.0 85 166 0
3973.10209524 6.16725171849e+20 1.20442798267e+21 0.0 85 166 0
3981.36218276 6.23980762106e+20 1.20442798267e+21 0.0 86 166 0
3989.62227028 6.23980762106e+20 1.20442798267e+21 0.0 86 166 0
3997.88235779 6.16725171849e+20 1.20442798267e+21 0.0 85 166 0
4006.14244531 6.09469581592e+20 1.20442798267e+21 0.0 84 166 0
4014.40253283 6.02213991335e+20 1.20442798267e+21 0.0 83 166 0
4022.66262034 6.09469581592e+20 1.20442798267e+21 0.0 84 166 0
4030.92270786 6.09469581592e+20 1.20442798267e+21 0.0 84 166 0
4039.18279537 6.09469581592e+20 1.20442798267e+21 0.0 84 166 0
4047.44288289 6.09469581592e+20 1.20442798267e+21 0.0 84 166 0
4055.70297041 6.09469581592e+20 1.20442798267e+21 0.0 84 166 0
4063.96305792 6.09469581592e+20 1.20442798267e+21 0.0 84 166 0
4072.22314544 6.09469581592e+20 1.20442798267e+21 0.0 84 166 0
4080.48323295 6.09469581592e+20 1.20442798267e+21 0.0 84 166 0
4088.74332047 6.16725171849e+20 1.20442798267e+21 0.0 85 166 0
4097.00340799 6.16725171849e+20 1.20442798267e+21 0.0 85 166 0
4105.2634955 6.16725171849e+20 1.20442798267e+21 0.0 85 166 0
4113.52358302 6.16725171849e+20 1.20442798267e+21 0.0 85 166 0
4121.78367053 6.16725171849e+20 1.20442798267e+21 0.0 85 166 0
4130.04375805 6.23980762106e+20 1.20442798267e+21 0.0 86 166 0
4138.30384557 6.23980762106e+20 1.20442798267e+21 0.0 86 166 0
4146.56393308 6.23980762106e+20 1.20442798267e+21 0.0 86 166 0
4154.8240206 6.23980762106e+20 1.20442798267e+21 0.0 86 166 0
4163.08410811 6.16725171849e+20 1.20442798267e+21 0.0 85 166 0
4171.34419563 6.09469581592e+20 1.20442798267e+21 0.0 84 166 0
4179.60428315 6.09469581592e+20 1.20442798267e+21 0.0 84 166 0
4187.86437066 6.09469581592e+20 1.20442798267e+21 0.0 84 166 0
4196.12445818 6.09469581592e+20 1.20442798267e+21 0.0 84 166 0
4204.38454569 6.09469581592e+20 1.20442798267e+21 0.0 84 166 0
4212.64463321 5.94958401078e+20 1.20442798267e+21 0.0 82 166 0
4220.90472073 5.94958401078e+20 1.20442798267e+21 0.0 82 166 0
4229.16480824 5.94958401078e+20 1.20442798267e+21 0.0 82 166 0
4237.42489576 5.94958401078e+20 1.20442798267e+21 0.0 82 166 0
4245.68498328 5.94958401078e+20 1.20442798267e+21 0.0 82 166 0
4253.94507079 5.94958401078e+20 1.20442798267e+21 0.0 82 166 0
4262.20515831 5.94958401078e+20 1.20442798267e+21 0.0 82 166 0
4270.46524582 5.94958401078e+20 1.20442798267e+21 0.0 82 166 0
4278.72533334 5.87702810821e+20 1.20442798267e+21 0.0 81 166 0
4286.98542086 5.87702810821e+20 1.20442798267e+21 0.0 81 166 0
4295.24550837 5.87702810821e+20 1.20442798267e+21 0.0 81 166 0
4303.50559589 5.80447220564e+20 1.20442798267e+21 0.0 80 166 0
4311.7656834 5.80447220564e+20 1.20442798267e+21 0.0 80 166 0
4320.02577092 5.80447220564e+20 1.20442798267e+21 0.0 80 166 0
4328.28585844 5.80447220564e+20 1.20442798267e+21 0.0 80 166 0
4336.54594595 5.73191630307e+20 1.20442798267e+21 0.0 79 166 0
4344.80603347 5.6593604005e+20 1.20442798267e+21 0.0 78 166 0
4353.06612098 5.6593604005e+20 1.20442798267e+21 0.0 78 166 0
4361.3262085 5.6593604005e+20 1.20442798267e+21 0.0 78 166 0
4369.58629602 5.6593604005e+20 1.20442798267e+21 0.0 78 166 0
4377.84638353 5.6593604005e+20 1.20442798267e+21 0.0 78 166 0
4386.10647105 5.6593604005e+20 1.20442798267e+21 0.0 78 166 0
4394.36655856 5.73191630307e+20 1.20442798267e+21 0.0 79 166 0
4402.62664608 5.73191630307e+20 1.20442798267e+21 0.0 79 166 0
4410.8867336 5.6593604005e+20 1.20442798267e+21 0.0 78 166 0
4419.14682111 5.6593604005e+20 1.20442798267e+21 0.0 78 166 0
4427.40690863 5.6593604005e+20 1.20442798267e+21 0.0 78 166 0
4435.66699614 5.58680449793e+20 1.20442798267e+21 0.0 77 166 0
4443.92708366 5.58680449793e+20 1.20442798267e+21 0.0 77 166 0
4452.18717118 5.58680449793e+20 1.20442798267e+21 0.0 77 166 0
4460.44725869 5.51424859536e+20 1.20442798267e+21 0.0 76 166 0
4468.70734621 5.51424859536e+20 1.20442798267e+21 0.0 76 166 0
4476.96743372 5.51424859536e+20 1.20442798267e+21 0.0 76 166 0
4485.22752124 5.51424859536e+20 1.20442798267e+21 0.0 76 166 0
4493.48760876 5.44169269279e+20 1.20442798267e+21 0.0 75 166 0
4501.74769627 5.44169269279e+20 1.20442798267e+21 0.0 75 166 0
4510.00778379 5.44169269279e+20 1.20442798267e+21 0.0 75 166 0
4518.26787131 5.44169269279e+20 1.20442798267e+21 0.0 75 166 0
4526.52795882 5.44169269279e+20 1.20442798267e+21 0.0 75 166 0
4534.78804634 5.44169269279e+20 1.20442798267e+21 0.0 75 166 0
4543.04813385 5.36913679022e+20 1.20442798267e+21 0.0 74 166 0
4551.30822137 5.36913679022e+20 1.20442798267e+21 0.0 74 166 0
4559.56830889 5.36913679022e+20 1.20442798267e+21 0.0 74 166 0
4567.8283964 5.36913679022e+20 1.20442798267e+21 0.0 74 166 0
4576.08848392 5.29658088765e+20 1.20442798267e+21 0.0 73 166 0
4584.34857143 5.29658088765e+20 1.20442798267e+21 0.0 73 166 0
4592.60865895 5.29658088765e+20 1.20442798267e+21 0.0 73 166 0
4600.86874647 5.29658088765e+20 1.20442798267e+21 0.0 73 166 0
4609.12883398 5.22402498508e+20 1.20442798267e+21 0.0 72 166 0
4617.3889215 5.22402498508e+20 1.20442798267e+21 0.0 72 166 0
4625.64900901 5.22402498508e+20 1.20442798267e+21 0.0 72 166 0
4633.90909653 5.22402498508e+20 1.20442798267e+21 0.0 72 166 0
4642.16918405 5.22402498508e+20 1.20442798267e+21 0.0 72 166 0
4650.42927156 5.22402498508e+20 1.20442798267e+21 0.0 72 166 0
4658.68935908 5.22402498508e+20 1.20442798267e+21 0.0 72 166 0
4666.94944659 5.22402498508e+20 1.20442798267e+21 0.0 72 166 0
4675.20953411 5.22402498508e+20 1.20442798267e+21 0.0 72 166 0
4683.46962163 5.36913679022e+20 1.20442798267e+21 0.0 74 166 0
4691.72970914 5.36913679022e+20 1.20442798267e+21 0.0 74 166 0
4699.98979666 5.36913679022e+20 1.20442798267e+21 0.0 74 166 0
4708.24988417 5.36913679022e+20 1.20442798267e+21 0.0 74 166 0
4716.50997169 5.36913679022e+20 1.20442798267e+21 0.0 74 166 0
4724.77005921 5.29658088765e+20 1.20442798267e+21 0.0 73 166 0
4733.03014672 5.29658088765e+20 1.20442798267e+21 0.0 73 166 0
4741.29023424 5.29658088765e+20 1.20442798267e+21 0.0 73 166 0
4749.55032176 5.29658088765e+20 1.20442798267e+21 0.0 73 166 0
4757.81040927 5.36913679022e+20 1.20442798267e+21 0.0 74 166 0
4766.07049679 5.36913679022e+20 1.20442798267e+21 0.0 74 166 0
4774.3305843 5.29658088765e+20 1.20442798267e+21 0.0 73 166 0
4782.59067182 5.29658088765e+20 1.20442798267e+21 0.0 73 166 0
4790.85075934 5.29658088765e+20 1.20442798267e+21 0.0 73 166 0
4799.11084685 5.29658088765e+20 1.20442798267e+21 0.0 73 166 0
4807.37093437 5.29658088765e+20 1.20442798267e+21 0.0 73 166 0
4815.63102188 5.29658088765e+20 1.20442798267e+21 0.0 73 166 0
4823.8911094 5.29658088765e+20 1.20442798267e+21 0.0 73 166 0
4832.15119692 5.22402498508e+20 1.20442798267e+21 0.0 72 166 0
4840.41128443 5.22402498508e+20 1.20442798267e+21 0.0 72 166 0
4848.67137195 5.29658088765e+20 1.20442798267e+21 0.0 73 166 0
4856.93145946 5.22402498508e+20 1.20442798267e+21 0.0 72 166 0
4865.19154698 5.22402498508e+20 1.20442798267e+21 0.0 72 166 0
4873.4516345 5.15146908251e+20 1.20442798267e+21 0.0 71 166 0
4881.71172201 5.15146908251e+20 1.20442798267e+21 0.0 71 166 0
4889.97180953 5.15146908251e+20 1.20442798267e+21 0.0 71 166 0
4898.23189704 5.15146908251e+20 1.20442798267e+21 0.0 71 166 0
4906.49198456 5.15146908251e+20 1.20442798267e+21 0.0 71 166 0
4914.75207208 5.15146908251e+20 1.20442798267e+21 0.0 71 166 0
4923.01215959 5.15146908251e+20 1.20442798267e+21 0.0 71 166 0
4931.27224711 5.22402498508e+20 1.20442798267e+21 0.0 72 166 0
4939.53233463 5.22402498508e+20 1.20442798267e+21 0.0 72 166 0
4947.79242214 5.22402498508e+20 1.20442798267e+21 0.0 72 166 0
4956.05250966 5.22402498508e+20 1.20442798267e+21 0.0 72 166 0
4964.31259718 5.22402498508e+20 1.20442798267e+21 0.0 72 166 0
4972.57268469 5.22402498508e+20 1.20442798267e+21 0.0 72 166 0
4980.83277221 5.22402498508e+20 1.20442798267e+21 0.0 72 166 0
4989.09285973 5.22402498508e+20 1.20442798267e+21 0.0 72 166 0
4997.35294724 5.22402498508e+20 1.20442798267e+21 0.0 72 166 0
5005.61303476 5.22402498508e+20 1.20442798267e+21 0.0 72 166 0
5013.87312228 5.22402498508e+20 1.20442798267e+21 0.0 72 166 0
5022.13320979 5.22402498508e+20 1.20442798267e+21 0.0 72 166 0
5030.39329731 5.22402498508e+20 1.20442798267e+21 0.0 72 166 0
5038.65338483 5.22402498508e+20 1.20442798267e+21 0.0 72 166 0
5046.91347234 5.22402498508e+20 1.20442798267e+21 0.0 72 166 0
5055.17355986 5.22402498508e+20 1.20442798267e+21 0.0 72 166 0
5063.43364738 5.15146908251e+20 1.20442798267e+21 0.0 71 166 0
5071.69373489 5.15146908251e+20 1.20442798267e+21 0.0 71 166 0
5079.95382241 5.15146908251e+20 1.20442798267e+21 0.0 71 166 0
5088.21390993 5.15146908251e+20 1.20442798267e+21 0.0 71 166 0
5096.47399744 5.15146908251e+20 1.20442798267e+21 0.0 71 166 0
5104.73408496 5.15146908251e+20 1.20442798267e+21 0.0 71 166 0
5112.99417248 5.15146908251e+20 1.20442798267e+21 0.0 71 166 0
5121.25425999 5.15146908251e+20 1.20442798267e+21 0.0 71 166 0
5129.51434751 5.15146908251e+20 1.20442798267e+21 0.0 71 166 0
5137.77443503 5.15146908251e+20 1.20442798267e+21 0.0 71 166 0
5146.03452254 5.15146908251e+20 1.20442798267e+21 0.0 71 166 0
5154.29461006 5.15146908251e+20 1.20442798267e+21 0.0 71 166 0
5162.55469758 5.15146908251e+20 1.20442798267e+21 0.0 71 166 0
5170.81478509 5.15146908251e+20 1.20442798267e+21 0.0 71 166 0
5179.07487261 5.15146908251e+20 1.20442798267e+21 0.0 71 166 0
5187.33496013 5.15146908251e+20 1.20442798267e+21 0.0 71 166 0
5195.59504764 5.15146908251e+20 1.20442798267e+21 0.0 71 166 0
5203.85513516 5.15146908251e+20 1.20442798267e+21 0.0 71 166 0
5212.11522268 5.15146908251e+20 1.20442798267e+21 0.0 71 166 0
5220.37531019 5.07891317993e+20 1.20442798267e+21 0.0 70 166 0
5228.63539771 5.07891317993e+20 1.20442798267e+21 0.0 70 166 0
5236.89548523 5.07891317993e+20 1.20442798267e+21 0.0 70 166 0
5245.15557274 5.07891317993e+20 1.20442798267e+21 0.0 70 166 0
5253.41566026 5.07891317993e+20 1.20442798267e+21 0.0 70 166 0
5261.67574777 5.07891317993e+20 1.20442798267e+21 0.0 70 166 0
5269.93583529 5.00635727736e+20 1.20442798267e+21 0.0 69 166 0
5278.19592281 5.00635727736e+20 1.20442798267e+21 0.0 69 166 0
5286.45601032 5.00635727736e+20 1.20442798267e+21 0.0 69 166 0
5294.71609784 5.00635727736e+20 1.20442798267e+21 0.0 69 166 0
5302.97618536 5.00635727736e+20 1.20442798267e+21 0.0 69 166 0
5311.23627287 5.00635727736e+20 1.20442798267e+21 0.0 69 166 0
5319.49636039 5.00635727736e+20 1.20442798267e+21 0.0 69 166 0
5327.75644791 5.00635727736e+20 1.20442798267e+21 0.0 69 166 0
5336.01653542 5.00635727736e+20 1.20442798267e+21 0.0 69 166 0
5344.27662294 5.00635727736e+20 1.20442798267e+21 0.0 69 166 0
5352.53671046 4.93380137479e+20 1.20442798267e+21 0.0 68 166 0
5360.79679797 4.93380137479e+20 1.20442798267e+21 0.0 68 166 0
5369.05688549 4.93380137479e+20 1.20442798267e+21 0.0 68 166 0
5377.31697301 4.86124547222e+20 1.20442798267e+21 0.0 67 166 0
5385.57706052 4.86124547222e+20 1.20442798267e+21 0.0 67 166 0
5393.83714804 4.86124547222e+20 1.20442798267e+21 0.0 67 166 0
5402.09723556 4.86124547222e+20 1.20442798267e+21 0.0 67 166 0
5410.35732307 4.86124547222e+20 1.20442798267e+21 0.0 67 166 0
5418.61741059 4.93380137479e+20 1.20442798267e+21 0.0 68 166 0
5426.87749811 4.93380137479e+20 1.20442798267e+21 0.0 68 166 0
5435.13758562 4.86124547222e+20 1.20442798267e+21 0.0 67 166 0
5443.39767314 4.86124547222e+20 1.20442798267e+21 0.0 67 166 0
5451.65776066 4.86124547222e+20 1.20442798267e+21 0.0 67 166 0
5459.91784817 4.86124547222e+20 1.20442798267e+21 0.0 67 166 0
5468.17793569 4.78868956965e+20 1.20442798267e+21 0.0 66 166 0
5476.43802321 4.78868956965e+20 1.20442798267e+21 0.0 66 166 0
5484.69811072 4.78868956965e+20 1.20442798267e+21 0.0 66 166 0
5492.95819824 4.78868956965e+20 1.20442798267e+21 0.0 66 166 0
5501.21828576 4.78868956965e+20 1.20442798267e+21 0.0 66 166 0
5509.47837327 4.86124547222e+20 1.20442798267e+21 0.0 67 166 0
5517.73846079 4.86124547222e+20 1.20442798267e+21 0.0 67 166 0
5525.99854831 4.86124547222e+20 1.20442798267e+21 0.0 67 166 0
5534.25863582 4.86124547222e+20 1.20442798267e+21 0.0 67 166 0
5542.51872334 4.86124547222e+20 1.20442798267e+21 0.0 67 166 0
5550.77881086 4.86124547222e+20 1.20442798267e+21 0.0 67 166 0
5559.03889837 4.86124547222e+20 1.20442798267e+21 0.0 67 166 0
5567.29898589 4.86124547222e+20 1.20442798267e+21 0.0 67 166 0
5575.55907341 4.86124547222e+20 1.20442798267e+21 0.0 67 166 0
5583.81916092 4.86124547222e+20 1.20442798267e+21 0.0 67 166 0
5592.07924844 4.86124547222e+20 1.20442798267e+21 0.0 67 166 0
5600.33933596 4.86124547222e+20 1.20442798267e+21 0.0 67 166 0
5608.59942347 4.86124547222e+20 1.20442798267e+21 0.0 67 166 0
5616.85951099 4.78868956965e+20 1.20442798267e+21 0.0 66 166 0
5625.11959851 4.78868956965e+20 1.20442798267e+21 0.0 66 166 0
5633.37968602 4.78868956965e+20 1.20442798267e+21 0.0 66 166 0
5641.63977354 4.78868956965e+20 1.20442798267e+21 0.0 66 166 0
5649.89986106 4.78868956965e+20 1.20442798267e+21 0.0 66 166 0
5658.15994857 4.78868956965e+20 1.20442798267e+21 0.0 66 166 0
5666.42003609 4.78868956965e+20 1.20442798267e+21 0.0 66 166 0
5674.68012361 4.78868956965e+20 1.20442798267e+21 0.0 66 166 0
5682.94021112 4.78868956965e+20 1.20442798267e+21 0.0 66 166 0
5691.20029864 4.78868956965e+20 1.20442798267e+21 0.0 66 166 0
5699.46038616 4.78868956965e+20 1.20442798267e+21 0.0 66 166 0
5707.72047367 4.78868956965e+20 1.20442798267e+21 0.0 66 166 0
5715.98056119 4.78868956965e+20 1.20442798267e+21 0.0 66 166 0
5724.24064871 4.78868956965e+20 1.20442798267e+21 0.0 66 166 0
5732.50073622 4.78868956965e+20 1.20442798267e+21 0.0 66 166 0
5740.76082374 4.78868956965e+20 1.20442798267e+21 0.0 66 166 0
5749.02091126 4.78868956965e+20 1.20442798267e+21 0.0 66 166 0
5757.28099877 4.78868956965e+20 1.20442798267e+21 0.0 66 166 0
5765.54108629 4.78868956965e+20 1.20442798267e+21 0.0 66 166 0
5773.8011738 4.78868956965e+20 1.20442798267e+21 0.0 66 166 0
5782.06126132 4.78868956965e+20 1.20442798267e+21 0.0 66 166 0
5790.32134884 4.78868956965e+20 1.20442798267e+21 0.0 66 166 0
5798.58143635 4.78868956965e+20 1.20442798267e+21 0.0 66 166 0
5806.84152387 4.78868956965e+20 1.20442798267e+21 0.0 66 166 0
5815.10161139 4.78868956965e+20 1.20442798267e+21 0.0 66 166 0
5823.3616989 4.78868956965e+20 1.20442798267e+21 0.0 66 166 0
5831.62178642 4.78868956965e+20 1.20442798267e+21 0.0 66 166 0
5839.88187394 4.78868956965e+20 1.20442798267e+21 0.0 66 166 0
5848.14196145 4.78868956965e+20 1.20442798267e+21 0.0 66 166 0
5856.40204897 4.78868956965e+20 1.20442798267e+21 0.0 66 166 0
5864.66213649 4.78868956965e+20 1.20442798267e+21 0.0 66 166 0
5872.922224 4.78868956965e+20 1.20442798267e+21 0.0 66 166 0
5881.18231152 4.78868956965e+20 1.20442798267e+21 0.0 66 166 0
5889.44239904 4.78868956965e+20 1.20442798267e+21 0.0 66 166 0
5897.70248655 4.78868956965e+20 1.20442798267e+21 0.0 66 166 0
5905.96257407 4.78868956965e+20 1.20442798267e+21 0.0 66 166 0
5914.22266159 4.78868956965e+20 1.20442798267e+21 0.0 66 166 0
5922.4827491 4.78868956965e+20 1.20442798267e+21 0.0 66 166 0
5930.74283662 4.78868956965e+20 1.20442798267e+21 0.0 66 166 0
5939.00292414 4.78868956965e+20 1.20442798267e+21 0.0 66 166 0
5947.26301165 4.78868956965e+20 1.20442798267e+21 0.0 66 166 0
5955.52309917 4.78868956965e+20 1.20442798267e+21 0.0 66 166 0
5963.78318669 4.78868956965e+20 1.20442798267e+21 0.0 66 166 0
5972.0432742 4.78868956965e+20 1.20442798267e+21 0.0 66 166 0
5980.30336172 4.78868956965e+20 1.20442798267e+21 0.0 66 166 0
5988.56344924 4.78868956965e+20 1.20442798267e+21 0.0 66 166 0
5996.82353675 4.86124547222e+20 1.20442798267e+21 0.0 67 166 0
6005.08362427 4.86124547222e+20 1.20442798267e+21 0.0 67 166 0
6013.34371179 4.86124547222e+20 1.20442798267e+21 0.0 67 166 0
6021.6037993 4.86124547222e+20 1.20442798267e+21 0.0 67 166 0
6029.86388682 4.86124547222e+20 1.20442798267e+21 0.0 67 166 0
6038.12397434 4.86124547222e+20 1.20442798267e+21 0.0 67 166 0
6046.38406185 4.86124547222e+20 1.20442798267e+21 0.0 67 166 0
6054.64414937 4.86124547222e+20 1.20442798267e+21 0.0 67 166 0
6062.90423689 4.78868956965e+20 1.20442798267e+21 0.0 66 166 0
6071.1643244 4.78868956965e+20 1.20442798267e+21 0.0 66 166 0
6079.42441192 4.78868956965e+20 1.20442798267e+21 0.0 66 166 0
6087.68449944 4.78868956965e+20 1.20442798267e+21 0.0 66 166 0
6095.94458695 4.78868956965e+20 1.20442798267e+21 0.0 66 166 0
6104.20467447 4.78868956965e+20 1.20442798267e+21 0.0 66 166 0
6112.46476199 4.78868956965e+20 1.20442798267e+21 0.0 66 166 0
6120.7248495 4.78868956965e+20 1.20442798267e+21 0.0 66 166 0
6128.98493702 4.78868956965e+20 1.20442798267e+21 0.0 66 166 0
6137.24502454 4.78868956965e+20 1.20442798267e+21 0.0 66 166 0
6145.50511205 4.78868956965e+20 1.20442798267e+21 0.0 66 166 0
6153.76519957 4.78868956965e+20 1.20442798267e+21 0.0 66 166 0
6162.02528709 4.78868956965e+20 1.20442798267e+21 0.0 66 166 0
6170.2853746 4.78868956965e+20 1.20442798267e+21 0.0 66 166 0
6178.54546212 4.78868956965e+20 1.20442798267e+21 0.0 66 166 0
6186.80554964 4.71613366708e+20 1.20442798267e+21 0.0 65 166 0
6195.06563715 4.71613366708e+20 1.20442798267e+21 0.0 65 166 0
6203.32572467 4.71613366708e+20 1.20442798267e+21 0.0 65 166 0
6211.58581219 4.71613366708e+20 1.20442798267e+21 0.0 65 166 0
6219.8458997 4.71613366708e+20 1.20442798267e+21 0.0 65 166 0
6228.10598722 4.71613366708e+20 1.20442798267e+21 0.0 65 166 0
6236.36607474 4.71613366708e+20 1.20442798267e+21 0.0 65 166 0
6244.62616225 4.71613366708e+20 1.20442798267e+21 0.0 65 166 0
6252.88624977 4.71613366708e+20 1.20442798267e+21 0.0 65 166 0
6261.14633728 4.71613366708e+20 1.20442798267e+21 0.0 65 166 0
6269.4064248 4.64357776451e+20 1.20442798267e+21 0.0 64 166 0
6277.66651232 4.64357776451e+20 1.20442798267e+21 0.0 64 166 0
6285.92659983 4.57102186194e+20 1.20442798267e+21 0.0 63 166 0
6294.18668735 4.57102186194e+20 1.20442798267e+21 0.0 63 166 0
6302.44677487 4.57102186194e+20 1.20442798267e+21 0.0 63 166 0
6310.70686238 4.57102186194e+20 1.20442798267e+21 0.0 63 166 0
6318.9669499 4.57102186194e+20 1.20442798267e+21 0.0 63 166 0
6327.22703742 4.57102186194e+20 1.20442798267e+21 0.0 63 166 0
6335.48712493 4.64357776451e+20 1.20442798267e+21 0.0 64 166 0
6343.74721245 4.64357776451e+20 1.20442798267e+21 0.0 64 166 0
6352.00729997 4.64357776451e+20 1.20442798267e+21 0.0 64 166 0
6360.26738748 4.64357776451e+20 1.20442798267e+21 0.0 64 166 0
6368.527475 4.64357776451e+20 1.20442798267e+21 0.0 64 166 0
6376.78756252 4.64357776451e+20 1.20442798267e+21 0.0 64 166 0
6385.04765003 4.57102186194e+20 1.20442798267e+21 0.0 63 166 0
6393.30773755 4.57102186194e+20 1.20442798267e+21 0.0 63 166 0
6401.56782507 4.57102186194e+20 1.20442798267e+21 0.0 63 166 0
6409.82791258 4.57102186194e+20 1.20442798267e+21 0.0 63 166 0
6418.0880001 4.57102186194e+20 1.20442798267e+21 0.0 63 166 0
6426.34808762 4.57102186194e+20 1.20442798267e+21 0.0 63 166 0
6434.60817513 4.57102186194e+20 1.20442798267e+21 0.0 63 166 0
6442.86826265 4.57102186194e+20 1.20442798267e+21 0.0 63 166 0
6451.12835017 4.57102186194e+20 1.20442798267e+21 0.0 63 166 0
6459.38843768 4.57102186194e+20 1.20442798267e+21 0.0 63 166 0
6467.6485252 4.57102186194e+20 1.20442798267e+21 0.0 63 166 0
6475.90861272 4.57102186194e+20 1.20442798267e+21 0.0 63 166 0
6484.16870023 4.57102186194e+20 1.20442798267e+21 0.0 63 166 0
6492.42878775 4.57102186194e+20 1.20442798267e+21 0.0 63 166 0
6500.68887527 4.57102186194e+20 1.20442798267e+21 0.0 63 166 0
6508.94896278 4.57102186194e+20 1.20442798267e+21 0.0 63 166 0
6517.2090503 4.57102186194e+20 1.20442798267e+21 0.0 63 166 0
6525.46913782 4.57102186194e+20 1.20442798267e+21 0.0 63 166 0
6533.72922533 4.57102186194e+20 1.20442798267e+21 0.0 63 166 0
6541.98931285 4.57102186194e+20 1.20442798267e+21 0.0 63 166 0
6550.24940037 4.57102186194e+20 1.20442798267e+21 0.0 63 166 0
6558.50948788 4.57102186194e+20 1.20442798267e+21 0.0 63 166 0
6566.7695754 4.57102186194e+20 1.20442798267e+21 0.0 63 166 0
6575.02966292 4.57102186194e+20 1.20442798267e+21 0.0 63 166 0
6583.28975043 4.57102186194e+20 1.20442798267e+21 0.0 63 166 0
6591.54983795 4.57102186194e+20 1.20442798267e+21 0.0 63 166 0
6599.80992547 4.57102186194e+20 1.20442798267e+21 0.0 63 166 0
6608.07001298 4.49846595937e+20 1.20442798267e+21 0.0 62 166 0
6616.3301005 4.49846595937e+20 1.20442798267e+21 0.0 62 166 0
6624.59018802 4.49846595937e+20 1.20442798267e+21 0.0 62 166 0
6632.85027553 4.49846595937e+20 1.20442798267e+21 0.0 62 166 0
6641.11036305 4.49846595937e+20 1.20442798267e+21 0.0 62 166 0
6649.37045057 4.49846595937e+20 1.20442798267e+21 0.0 62 166 0
6657.63053808 4.49846595937e+20 1.20442798267e+21 0.0 62 166 0
6665.8906256 4.49846595937e+20 1.20442798267e+21 0.0 62 166 0
6674.15071312 4.49846595937e+20 1.20442798267e+21 0.0 62 166 0
6682.41080063 4.49846595937e+20 1.20442798267e+21 0.0 62 166 0
6690.67088815 4.49846595937e+20 1.20442798267e+21 0.0 62 166 0
6698.93097567 4.49846595937e+20 1.20442798267e+21 0.0 62 166 0
6707.19106318 4.49846595937e+20 1.20442798267e+21 0.0 62 166 0
6715.4511507 4.49846595937e+20 1.20442798267e+21 0.0 62 166 0
6723.71123822 4.49846595937e+20 1.20442798267e+21 0.0 62 166 0
6731.97132573 4.49846595937e+20 1.20442798267e+21 0.0 62 166 0
6740.23141325 4.49846595937e+20 1.20442798267e+21 0.0 62 166 0
6748.49150077 4.49846595937e+20 1.20442798267e+21 0.0 62 166 0
6756.75158828 4.49846595937e+20 1.20442798267e+21 0.0 62 166 0
6765.0116758 4.49846595937e+20 1.20442798267e+21 0.0 62 166 0
6773.27176331 4.49846595937e+20 1.20442798267e+21 0.0 62 166 0
6781.53185083 4.49846595937e+20 1.20442798267e+21 0.0 62 166 0
6789.79193835 4.49846595937e+20 1.20442798267e+21 0.0 62 166 0
6798.05202586 4.49846595937e+20 1.20442798267e+21 0.0 62 166 0
6806.31211338 4.49846595937e+20 1.20442798267e+21 0.0 62 166 0
6814.5722009 4.49846595937e+20 1.20442798267e+21 0.0 62 166 0
6822.83228841 4.49846595937e+20 1.20442798267e+21 0.0 62 166 0
6831.09237593 4.49846595937e+20 1.20442798267e+21 0.0 62 166 0
6839.35246345 4.49846595937e+20 1.20442798267e+21 0.0 62 166 0
6847.61255096 4.49846595937e+20 1.20442798267e+21 0.0 62 166 0
6855.87263848 4.49846595937e+20 1.20442798267e+21 0.0 62 166 0
6864.132726 4.49846595937e+20 1.20442798267e+21 0.0 62 166 0
6872.39281351 4.49846595937e+20 1.20442798267e+21 0.0 62 166 0
6880.65290103 4.49846595937e+20 1.20442798267e+21 0.0 62 166 0
6888.91298855 4.49846595937e+20 1.20442798267e+21 0.0 62 166 0
6897.17307606 4.49846595937e+20 1.20442798267e+21 0.0 62 166 0
6905.43316358 4.49846595937e+20 1.20442798267e+21 0.0 62 166 0
6913.6932511 4.49846595937e+20 1.20442798267e+21 0.0 62 166 0
6921.95333861 4.57102186194e+20 1.20442798267e+21 0.0 63 166 0
6930.21342613 4.57102186194e+20 1.20442798267e+21 0.0 63 166 0
6938.47351365 4.49846595937e+20 1.20442798267e+21 0.0 62 166 0
6946.73360116 4.49846595937e+20 1.20442798267e+21 0.0 62 166 0
6954.99368868 4.49846595937e+20 1.20442798267e+21 0.0 62 166 0
6963.2537762 4.49846595937e+20 1.20442798267e+21 0.0 62 166 0
6971.51386371 4.49846595937e+20 1.20442798267e+21 0.0 62 166 0
6979.77395123 4.57102186194e+20 1.20442798267e+21 0.0 63 166 0
6988.03403875 4.57102186194e+20 1.20442798267e+21 0.0 63 166 0
6996.29412626 4.57102186194e+20 1.20442798267e+21 0.0 63 166 0
7004.55421378 4.57102186194e+20 1.20442798267e+21 0.0 63 166 0
7012.8143013 4.57102186194e+20 1.20442798267e+21 0.0 63 166 0
7021.07438881 4.57102186194e+20 1.20442798267e+21 0.0 63 166 0
7029.33447633 4.57102186194e+20 1.20442798267e+21 0.0 63 166 0
7037.59456385 4.49846595937e+20 1.20442798267e+21 0.0 62 166 0
7045.85465136 4.49846595937e+20 1.20442798267e+21 0.0 62 166 0
7054.11473888 4.49846595937e+20 1.20442798267e+21 0.0 62 166 0
7062.3748264 4.49846595937e+20 1.20442798267e+21 0.0 62 166 0
7070.63491391 4.49846595937e+20 1.20442798267e+21 0.0 62 166 0
7078.89500143 4.49846595937e+20 1.20442798267e+21 0.0 62 166 0
7087.15508895 4.57102186194e+20 1.20442798267e+21 0.0 63 166 0
7095.41517646 4.57102186194e+20 1.20442798267e+21 0.0 63 166 0
7103.67526398 4.57102186194e+20 1.20442798267e+21 0.0 63 166 0
7111.9353515 4.49846595937e+20 1.20442798267e+21 0.0 62 166 0
7120.19543901 4.49846595937e+20 1.20442798267e+21 0.0 62 166 0
7128.45552653 4.49846595937e+20 1.20442798267e+21 0.0 62 166 0
7136.71561405 4.4259100568e+20 1.20442798267e+21 0.0 61 166 0
7144.97570156 4.35335415423e+20 1.20442798267e+21 0.0 60 166 0
7153.23578908 4.35335415423e+20 1.20442798267e+21 0.0 60 166 0
7161.4958766 4.35335415423e+20 1.20442798267e+21 0.0 60 166 0
7169.75596411 4.35335415423e+20 1.20442798267e+21 0.0 60 166 0
7178.01605163 4.35335415423e+20 1.20442798267e+21 0.0 60 166 0
7186.27613915 4.35335415423e+20 1.20442798267e+21 0.0 60 166 0
7194.53622666 4.35335415423e+20 1.20442798267e+21 0.0 60 166 0
7202.79631418 4.35335415423e+20 1.20442798267e+21 0.0 60 166 0
7211.0564017 4.4259100568e+20 1.20442798267e+21 0.0 61 166 0
7219.31648921 4.4259100568e+20 1.20442798267e+21 0.0 61 166 0
7227.57657673 4.4259100568e+20 1.20442798267e+21 0.0 61 166 0
7235.83666425 4.4259100568e+20 1.20442798267e+21 0.0 61 166 0
7244.09675176 4.49846595937e+20 1.20442798267e+21 0.0 62 166 0
7252.35683928 4.49846595937e+20 1.20442798267e+21 0.0 62 166 0
7260.61692679 4.49846595937e+20 1.20442798267e+21 0.0 62 166 0
7268.87701431 4.49846595937e+20 1.20442798267e+21 0.0 62 166 0
7277.13710183 4.49846595937e+20 1.20442798267e+21 0.0 62 166 0
7285.39718934 4.49846595937e+20 1.20442798267e+21 0.0 62 166 0
7293.65727686 4.49846595937e+20 1.20442798267e+21 0.0 62 166 0
7301.91736438 4.49846595937e+20 1.20442798267e+21 0.0 62 166 0
7310.17745189 4.49846595937e+20 1.20442798267e+21 0.0 62 166 0
7318.43753941 4.49846595937e+20 1.20442798267e+21 0.0 62 166 0
7326.69762693 4.49846595937e+20 1.20442798267e+21 0.0 62 166 0
7334.95771444 4.49846595937e+20 1.20442798267e+21 0.0 62 166 0
7343.21780196 4.49846595937e+20 1.20442798267e+21 0.0 62 166 0
7351.47788948 4.49846595937e+20 1.20442798267e+21 0.0 62 166 0
7359.73797699 4.49846595937e+20 1.20442798267e+21 0.0 62 166 0
7367.99806451 4.4259100568e+20 1.20442798267e+21 0.0 61 166 0
7376.25815203 4.4259100568e+20 1.20442798267e+21 0.0 61 166 0
7384.51823954 4.4259100568e+20 1.20442798267e+21 0.0 61 166 0
7392.77832706 4.4259100568e+20 1.20442798267e+21 0.0 61 166 0
7401.03841458 4.4259100568e+20 1.20442798267e+21 0.0 61 166 0
7409.29850209 4.4259100568e+20 1.20442798267e+21 0.0 61 166 0
7417.55858961 4.4259100568e+20 1.20442798267e+21 0.0 61 166 0
7425.81867713 4.4259100568e+20 1.20442798267e+21 0.0 61 166 0
7434.07876464 4.4259100568e+20 1.20442798267e+21 0.0 61 166 0
7442.33885216 4.4259100568e+20 1.20442798267e+21 0.0 61 166 0
7450.59893968 4.4259100568e+20 1.20442798267e+21 0.0 61 166 0
7458.85902719 4.4259100568e+20 1.20442798267e+21 0.0 61 166 0
7467.11911471 4.4259100568e+20 1.20442798267e+21 0.0 61 166 0
7475.37920223 4.4259100568e+20 1.20442798267e+21 0.0 61 166 0
7483.63928974 4.4259100568e+20 1.20442798267e+21 0.0 61 166 0
7491.89937726 4.4259100568e+20 1.20442798267e+21 0.0 61 166 0
7500.15946478 4.4259100568e+20 1.20442798267e+21 0.0 61 166 0
7508.41955229 4.4259100568e+20 1.20442798267e+21 0.0 61 166 0
7516.67963981 4.4259100568e+20 1.20442798267e+21 0.0 61 166 0
7524.93972733 4.4259100568e+20 1.20442798267e+21 0.0 61 166 0
7533.19981484 4.4259100568e+20 1.20442798267e+21 0.0 61 166 0
7541.45990236 4.4259100568e+20 1.20442798267e+21 0.0 61 166 0
7549.71998988 4.4259100568e+20 1.20442798267e+21 0.0 61 166 0
7557.98007739 4.4259100568e+20 1.20442798267e+21 0.0 61 166 0
7566.24016491 4.4259100568e+20 1.20442798267e+21 0.0 61 166 0
7574.50025243 4.4259100568e+20 1.20442798267e+21 0.0 61 166 0
7582.76033994 4.4259100568e+20 1.20442798267e+21 0.0 61 166 0
7591.02042746 4.4259100568e+20 1.20442798267e+21 0.0 61 166 0
7599.28051498 4.4259100568e+20 1.20442798267e+21 0.0 61 166 0
7607.54060249 4.4259100568e+20 1.20442798267e+21 0.0 61 166 0
7615.80069001 4.4259100568e+20 1.20442798267e+21 0.0 61 166 0
7624.06077753 4.4259100568e+20 1.20442798267e+21 0.0 61 166 0
7632.32086504 4.4259100568e+20 1.20442798267e+21 0.0 61 166 0
7640.58095256 4.4259100568e+20 1.20442798267e+21 0.0 61 166 0
7648.84104008 4.4259100568e+20 1.20442798267e+21 0.0 61 166 0
7657.10112759 4.4259100568e+20 1.20442798267e+21 0.0 61 166 0
7665.36121511 4.4259100568e+20 1.20442798267e+21 0.0 61 166 0
7673.62130263 4.4259100568e+20 1.20442798267e+21 0.0 61 166 0
7681.88139014 4.4259100568e+20 1.20442798267e+21 0.0 61 166 0
7690.14147766 4.4259100568e+20 1.20442798267e+21 0.0 61 166 0
7698.40156518 4.4259100568e+20 1.20442798267e+21 0.0 61 166 0
7706.66165269 4.4259100568e+20 1.20442798267e+21 0.0 61 166 0
7714.92174021 4.4259100568e+20 1.20442798267e+21 0.0 61 166 0
7723.18182773 4.4259100568e+20 1.20442798267e+21 0.0 61 166 0
7731.44191524 4.4259100568e+20 1.20442798267e+21 0.0 61 166 0
7739.70200276 4.4259100568e+20 1.20442798267e+21 0.0 61 166 0
7747.96209028 4.4259100568e+20 1.20442798267e+21 0.0 61 166 0
7756.22217779 4.4259100568e+20 1.20442798267e+21 0.0 61 166 0
7764.48226531 4.4259100568e+20 1.20442798267e+21 0.0 61 166 0
7772.74235282 4.4259100568e+20 1.20442798267e+21 0.0 61 166 0
7781.00244034 4.35335415423e+20 1.20442798267e+21 0.0 60 166 0
7789.26252786 4.35335415423e+20 1.20442798267e+21 0.0 60 166 0
7797.52261537 4.35335415423e+20 1.20442798267e+21 0.0 60 166 0
7805.78270289 4.35335415423e+20 1.20442798267e+21 0.0 60 166 0
7814.04279041 4.35335415423e+20 1.20442798267e+21 0.0 60 166 0
7822.30287792 4.35335415423e+20 1.20442798267e+21 0.0 60 166 0
7830.56296544 4.35335415423e+20 1.20442798267e+21 0.0 60 166 0
7838.82305296 4.35335415423e+20 1.20442798267e+21 0.0 60 166 0
7847.08314047 4.35335415423e+20 1.20442798267e+21 0.0 60 166 0
7855.34322799 4.35335415423e+20 1.20442798267e+21 0.0 60 166 0
7863.60331551 4.35335415423e+20 1.20442798267e+21 0.0 60 166 0
7871.86340302 4.35335415423e+20 1.20442798267e+21 0.0 60 166 0
7880.12349054 4.35335415423e+20 1.20442798267e+21 0.0 60 166 0
7888.38357806 4.35335415423e+20 1.20442798267e+21 0.0 60 166 0
7896.64366557 4.35335415423e+20 1.20442798267e+21 0.0 60 166 0
7904.90375309 4.35335415423e+20 1.20442798267e+21 0.0 60 166 0
7913.16384061 4.35335415423e+20 1.20442798267e+21 0.0 60 166 0
7921.42392812 4.35335415423e+20 1.20442798267e+21 0.0 60 166 0
7929.68401564 4.35335415423e+20 1.20442798267e+21 0.0 60 166 0
7937.94410316 4.4259100568e+20 1.20442798267e+21 0.0 61 166 0
7946.20419067 4.4259100568e+20 1.20442798267e+21 0.0 61 166 0
7954.46427819 4.4259100568e+20 1.20442798267e+21 0.0 61 166 0
7962.72436571 4.4259100568e+20 1.20442798267e+21 0.0 61 166 0
7970.98445322 4.4259100568e+20 1.20442798267e+21 0.0 61 166 0
7979.24454074 4.4259100568e+20 1.20442798267e+21 0.0 61 166 0
7987.50462826 4.4259100568e+20 1.20442798267e+21 0.0 61 166 0
7995.76471577 4.4259100568e+20 1.20442798267e+21 0.0 61 166 0
8004.02480329 4.4259100568e+20 1.20442798267e+21 0.0 61 166 0
8012.28489081 4.4259100568e+20 1.20442798267e+21 0.0 61 166 0
8020.54497832 4.4259100568e+20 1.20442798267e+21 0.0 61 166 0
8028.80506584 4.4259100568e+20 1.20442798267e+21 0.0 61 166 0
8037.06515336 4.4259100568e+20 1.20442798267e+21 0.0 61 166 0
8045.32524087 4.4259100568e+20 1.20442798267e+21 0.0 61 166 0
8053.58532839 4.35335415423e+20 1.20442798267e+21 0.0 60 166 0
8061.84541591 4.35335415423e+20 1.20442798267e+21 0.0 60 166 0
8070.10550342 4.35335415423e+20 1.20442798267e+21 0.0 60 166 0
8078.36559094 4.35335415423e+20 1.20442798267e+21 0.0 60 166 0
8086.62567846 4.35335415423e+20 1.20442798267e+21 0.0 60 166 0
8094.88576597 4.35335415423e+20 1.20442798267e+21 0.0 60 166 0
8103.14585349 4.35335415423e+20 1.20442798267e+21 0.0 60 166 0
8111.40594101 4.35335415423e+20 1.20442798267e+21 0.0 60 166 0
8119.66602852 4.35335415423e+20 1.20442798267e+21 0.0 60 166 0
8127.92611604 4.35335415423e+20 1.20442798267e+21 0.0 60 166 0
8136.18620356 4.35335415423e+20 1.20442798267e+21 0.0 60 166 0
8144.44629107 4.35335415423e+20 1.20442798267e+21 0.0 60 166 0
8152.70637859 4.35335415423e+20 1.20442798267e+21 0.0 60 166 0
8160.96646611 4.35335415423e+20 1.20442798267e+21 0.0 60 166 0
8169.22655362 4.35335415423e+20 1.20442798267e+21 0.0 60 166 0
8177.48664114 4.35335415423e+20 1.20442798267e+21 0.0 60 166 0
8185.74672866 4.35335415423e+20 1.20442798267e+21 0.0 60 166 0
8194.00681617 4.35335415423e+20 1.20442798267e+21 0.0 60 166 0
8202.26690369 4.35335415423e+20 1.20442798267e+21 0.0 60 166 0
8210.52699121 4.35335415423e+20 1.20442798267e+21 0.0 60 166 0
8218.78707872 4.35335415423e+20 1.20442798267e+21 0.0 60 166 0
8227.04716624 4.35335415423e+20 1.20442798267e+21 0.0 60 166 0
8235.30725376 4.35335415423e+20 1.20442798267e+21 0.0 60 166 0
8243.56734127 4.35335415423e+20 1.20442798267e+21 0.0 60 166 0
8251.82742879 4.35335415423e+20 1.20442798267e+21 0.0 60 166 0
8260.08751631 4.35335415423e+20 1.20442798267e+21 0.0 60 166 0
8268.34760382 4.35335415423e+20 1.20442798267e+21 0.0 60 166 0
8276.60769134 4.35335415423e+20 1.20442798267e+21 0.0 60 166 0
8284.86777885 4.35335415423e+20 1.20442798267e+21 0.0 60 166 0
8293.12786637 4.35335415423e+20 1.20442798267e+21 0.0 60 166 0
8301.38795389 4.35335415423e+20 1.20442798267e+21 0.0 60 166 0
8309.6480414 4.35335415423e+20 1.20442798267e+21 0.0 60 166 0
8317.90812892 4.35335415423e+20 1.20442798267e+21 0.0 60 166 0
8326.16821644 4.35335415423e+20 1.20442798267e+21 0.0 60 166 0
8334.42830395 4.35335415423e+20 1.20442798267e+21 0.0 60 166 0
8342.68839147 4.35335415423e+20 1.20442798267e+21 0.0 60 166 0
8350.94847899 4.35335415423e+20 1.20442798267e+21 0.0 60 166 0
8359.2085665 4.35335415423e+20 1.20442798267e+21 0.0 60 166 0
8367.46865402 4.35335415423e+20 1.20442798267e+21 0.0 60 166 0
8375.72874154 4.35335415423e+20 1.20442798267e+21 0.0 60 166 0
8383.98882905 4.35335415423e+20 1.20442798267e+21 0.0 60 166 0
8392.24891657 4.35335415423e+20 1.20442798267e+21 0.0 60 166 0
8400.50900409 4.35335415423e+20 1.20442798267e+21 0.0 60 166 0
8408.7690916 4.35335415423e+20 1.20442798267e+21 0.0 60 166 0
8417.02917912 4.35335415423e+20 1.20442798267e+21 0.0 60 166 0
8425.28926664 4.35335415423e+20 1.20442798267e+21 0.0 60 166 0
8433.54935415 4.35335415423e+20 1.20442798267e+21 0.0 60 166 0
8441.80944167 4.35335415423e+20 1.20442798267e+21 0.0 60 166 0
8450.06952919 4.35335415423e+20 1.20442798267e+21 0.0 60 166 0
8458.3296167 4.28079825166e+20 1.20442798267e+21 0.0 59 166 0
8466.58970422 4.28079825166e+20 1.20442798267e+21 0.0 59 166 0
8474.84979174 4.28079825166e+20 1.20442798267e+21 0.0 59 166 0
8483.10987925 4.28079825166e+20 1.20442798267e+21 0.0 59 166 0
8491.36996677 4.28079825166e+20 1.20442798267e+21 0.0 59 166 0
8499.63005429 4.28079825166e+20 1.20442798267e+21 0.0 59 166 0
8507.8901418 4.28079825166e+20 1.20442798267e+21 0.0 59 166 0
8516.15022932 4.28079825166e+20 1.20442798267e+21 0.0 59 166 0
8524.41031684 4.20824234909e+20 1.20442798267e+21 0.0 58 166 0
8532.67040435 4.20824234909e+20 1.20442798267e+21 0.0 58 166 0
8540.93049187 4.20824234909e+20 1.20442798267e+21 0.0 58 166 0
8549.19057939 4.20824234909e+20 1.20442798267e+21 0.0 58 166 0
8557.4506669 4.20824234909e+20 1.20442798267e+21 0.0 58 166 0
8565.71075442 4.20824234909e+20 1.20442798267e+21 0.0 58 166 0
8573.97084194 4.20824234909e+20 1.20442798267e+21 0.0 58 166 0
8582.23092945 4.20824234909e+20 1.20442798267e+21 0.0 58 166 0
8590.49101697 4.20824234909e+20 1.20442798267e+21 0.0 58 166 0
8598.75110449 4.20824234909e+20 1.20442798267e+21 0.0 58 166 0
8607.011192 4.20824234909e+20 1.20442798267e+21 0.0 58 166 0
8615.27127952 4.20824234909e+20 1.20442798267e+21 0.0 58 166 0
8623.53136704 4.20824234909e+20 1.20442798267e+21 0.0 58 166 0
8631.79145455 4.20824234909e+20 1.20442798267e+21 0.0 58 166 0
8640.05154207 4.20824234909e+20 1.20442798267e+21 0.0 58 166 0
8648.31162959 4.20824234909e+20 1.20442798267e+21 0.0 58 166 0
8656.5717171 4.20824234909e+20 1.20442798267e+21 0.0 58 166 0
8664.83180462 4.13568644652e+20 1.20442798267e+21 0.0 57 166 0
8673.09189214 4.13568644652e+20 1.20442798267e+21 0.0 57 166 0
8681.35197965 4.13568644652e+20 1.20442798267e+21 0.0 57 166 0
8689.61206717 4.13568644652e+20 1.20442798267e+21 0.0 57 166 0
8697.87215469 4.13568644652e+20 1.20442798267e+21 0.0 57 166 0
8706.1322422 4.13568644652e+20 1.20442798267e+21 0.0 57 166 0
8714.39232972 4.13568644652e+20 1.20442798267e+21 0.0 57 166 0
8722.65241724 4.20824234909e+20 1.20442798267e+21 0.0 58 166 0
8730.91250475 4.20824234909e+20 1.20442798267e+21 0.0 58 166 0
8739.17259227 4.20824234909e+20 1.20442798267e+21 0.0 58 166 0
8747.43267979 4.20824234909e+20 1.20442798267e+21 0.0 58 166 0
8755.6927673 4.20824234909e+20 1.20442798267e+21 0.0 58 166 0
8763.95285482 4.20824234909e+20 1.20442798267e+21 0.0 58 166 0
8772.21294233 4.20824234909e+20 1.20442798267e+21 0.0 58 166 0
8780.47302985 4.20824234909e+20 1.20442798267e+21 0.0 58 166 0
8788.73311737 4.20824234909e+20 1.20442798267e+21 0.0 58 166 0
8796.99320488 4.20824234909e+20 1.20442798267e+21 0.0 58 166 0
8805.2532924 4.13568644652e+20 1.20442798267e+21 0.0 57 166 0
8813.51337992 4.13568644652e+20 1.20442798267e+21 0.0 57 166 0
8821.77346743 4.13568644652e+20 1.20442798267e+21 0.0 57 166 0
8830.03355495 4.13568644652e+20 1.20442798267e+21 0.0 57 166 0
8838.29364247 4.13568644652e+20 1.20442798267e+21 0.0 57 166 0
8846.55372998 4.13568644652e+20 1.20442798267e+21 0.0 57 166 0
8854.8138175 4.13568644652e+20 1.20442798267e+21 0.0 57 166 0
8863.07390502 4.20824234909e+20 1.20442798267e+21 0.0 58 166 0
8871.33399253 4.20824234909e+20 1.20442798267e+21 0.0 58 166 0
8879.59408005 4.20824234909e+20 1.20442798267e+21 0.0 58 166 0
8887.85416757 4.20824234909e+20 1.20442798267e+21 0.0 58 166 0
8896.11425508 4.20824234909e+20 1.20442798267e+21 0.0 58 166 0
8904.3743426 4.20824234909e+20 1.20442798267e+21 0.0 58 166 0
8912.63443012 4.20824234909e+20 1.20442798267e+21 0.0 58 166 0
8920.89451763 4.20824234909e+20 1.20442798267e+21 0.0 58 166 0
8929.15460515 4.20824234909e+20 1.20442798267e+21 0.0 58 166 0
8937.41469267 4.20824234909e+20 1.20442798267e+21 0.0 58 166 0
8945.67478018 4.20824234909e+20 1.20442798267e+21 0.0 58 166 0
8953.9348677 4.20824234909e+20 1.20442798267e+21 0.0 58 166 0
8962.19495522 4.20824234909e+20 1.20442798267e+21 0.0 58 166 0
8970.45504273 4.20824234909e+20 1.20442798267e+21 0.0 58 166 0
8978.71513025 4.20824234909e+20 1.20442798267e+21 0.0 58 166 0
8986.97521777 4.20824234909e+20 1.20442798267e+21 0.0 58 166 0
8995.23530528 4.20824234909e+20 1.20442798267e+21 0.0 58 166 0
9003.4953928 4.20824234909e+20 1.20442798267e+21 0.0 58 166 0
9011.75548032 4.20824234909e+20 1.20442798267e+21 0.0 58 166 0
9020.01556783 4.20824234909e+20 1.20442798267e+21 0.0 58 166 0
9028.27565535 4.20824234909e+20 1.20442798267e+21 0.0 58 166 0
9036.53574287 4.20824234909e+20 1.20442798267e+21 0.0 58 166 0
9044.79583038 4.20824234909e+20 1.20442798267e+21 0.0 58 166 0
9053.0559179 4.20824234909e+20 1.20442798267e+21 0.0 58 166 0
9061.31600542 4.20824234909e+20 1.20442798267e+21 0.0 58 166 0
9069.57609293 4.20824234909e+20 1.20442798267e+21 0.0 58 166 0
9077.83618045 4.20824234909e+20 1.20442798267e+21 0.0 58 166 0
9086.09626797 4.20824234909e+20 1.20442798267e+21 0.0 58 166 0
9094.35635548 4.20824234909e+20 1.20442798267e+21 0.0 58 166 0
9102.616443 4.20824234909e+20 1.20442798267e+21 0.0 58 166 0
9110.87653052 4.20824234909e+20 1.20442798267e+21 0.0 58 166 0
9119.13661803 4.20824234909e+20 1.20442798267e+21 0.0 58 166 0
9127.39670555 4.20824234909e+20 1.20442798267e+21 0.0 58 166 0
9135.65679307 4.20824234909e+20 1.20442798267e+21 0.0 58 166 0
9143.91688058 4.20824234909e+20 1.20442798267e+21 0.0 58 166 0
9152.1769681 4.20824234909e+20 1.20442798267e+21 0.0 58 166 0
9160.43705562 4.20824234909e+20 1.20442798267e+21 0.0 58 166 0
9168.69714313 4.20824234909e+20 1.20442798267e+21 0.0 58 166 0
9176.95723065 4.20824234909e+20 1.20442798267e+21 0.0 58 166 0
9185.21731817 4.20824234909e+20 1.20442798267e+21 0.0 58 166 0
9193.47740568 4.20824234909e+20 1.20442798267e+21 0.0 58 166 0
9201.7374932 4.20824234909e+20 1.20442798267e+21 0.0 58 166 0
9209.99758072 4.20824234909e+20 1.20442798267e+21 0.0 58 166 0
9218.25766823 4.20824234909e+20 1.20442798267e+21 0.0 58 166 0
9226.51775575 4.20824234909e+20 1.20442798267e+21 0.0 58 166 0
9234.77784327 4.28079825166e+20 1.20442798267e+21 0.0 59 166 0
9243.03793078 4.28079825166e+20 1.20442798267e+21 0.0 59 166 0
9251.2980183 4.28079825166e+20 1.20442798267e+21 0.0 59 166 0
9259.55810582 4.28079825166e+20 1.20442798267e+21 0.0 59 166 0
9267.81819333 4.28079825166e+20 1.20442798267e+21 0.0 59 166 0
9276.07828085 4.28079825166e+20 1.20442798267e+21 0.0 59 166 0
9284.33836836 4.28079825166e+20 1.20442798267e+21 0.0 59 166 0
9292.59845588 4.28079825166e+20 1.20442798267e+21 0.0 59 166 0
9300.8585434 4.28079825166e+20 1.20442798267e+21 0.0 59 166 0
9309.11863091 4.28079825166e+20 1.20442798267e+21 0.0 59 166 0
9317.37871843 4.20824234909e+20 1.20442798267e+21 0.0 58 166 0
9325.63880595 4.20824234909e+20 1.20442798267e+21 0.0 58 166 0
9333.89889346 4.20824234909e+20 1.20442798267e+21 0.0 58 166 0
9342.15898098 4.20824234909e+20 1.20442798267e+21 0.0 58 166 0
9350.4190685 4.20824234909e+20 1.20442798267e+21 0.0 58 166 0
9358.67915601 4.20824234909e+20 1.20442798267e+21 0.0 58 166 0
9366.93924353 4.20824234909e+20 1.20442798267e+21 0.0 58 166 0
9375.19933105 4.20824234909e+20 1.20442798267e+21 0.0 58 166 0
9383.45941856 4.20824234909e+20 1.20442798267e+21 0.0 58 166 0
9391.71950608 4.20824234909e+20 1.20442798267e+21 0.0 58 166 0
9399.9795936 4.20824234909e+20 1.20442798267e+21 0.0 58 166 0
9408.23968111 4.20824234909e+20 1.20442798267e+21 0.0 58 166 0
9416.49976863 4.20824234909e+20 1.20442798267e+21 0.0 58 166 0
9424.75985615 4.20824234909e+20 1.20442798267e+21 0.0 58 166 0
9433.01994366 4.20824234909e+20 1.20442798267e+21 0.0 58 166 0
9441.28003118 4.20824234909e+20 1.20442798267e+21 0.0 58 166 0
9449.5401187 4.20824234909e+20 1.20442798267e+21 0.0 58 166 0
9457.80020621 4.20824234909e+20 1.20442798267e+21 0.0 58 166 0
9466.06029373 4.20824234909e+20 1.20442798267e+21 0.0 58 166 0
9474.32038125 4.20824234909e+20 1.20442798267e+21 0.0 58 166 0
9482.58046876 4.20824234909e+20 1.20442798267e+21 0.0 58 166 0
9490.84055628 4.20824234909e+20 1.20442798267e+21 0.0 58 166 0
9499.1006438 4.20824234909e+20 1.20442798267e+21 0.0 58 166 0
9507.36073131 4.20824234909e+20 1.20442798267e+21 0.0 58 166 0
9515.62081883 4.20824234909e+20 1.20442798267e+21 0.0 58 166 0
9523.88090635 4.20824234909e+20 1.20442798267e+21 0.0 58 166 0
9532.14099386 4.20824234909e+20 1.20442798267e+21 0.0 58 166 0
9540.40108138 4.20824234909e+20 1.20442798267e+21 0.0 58 166 0
9548.6611689 4.20824234909e+20 1.20442798267e+21 0.0 58 166 0
9556.92125641 4.20824234909e+20 1.20442798267e+21 0.0 58 166 0
9565.18134393 4.20824234909e+20 1.20442798267e+21 0.0 58 166 0
9573.44143145 4.20824234909e+20 1.20442798267e+21 0.0 58 166 0
9581.70151896 4.20824234909e+20 1.20442798267e+21 0.0 58 166 0
9589.96160648 4.20824234909e+20 1.20442798267e+21 0.0 58 166 0
9598.221694 4.20824234909e+20 1.20442798267e+21 0.0 58 166 0
9606.48178151 4.20824234909e+20 1.20442798267e+21 0.0 58 166 0
9614.74186903 4.20824234909e+20 1.20442798267e+21 0.0 58 166 0
9623.00195655 4.20824234909e+20 1.20442798267e+21 0.0 58 166 0
9631.26204406 4.20824234909e+20 1.20442798267e+21 0.0 58 166 0
9639.52213158 4.20824234909e+20 1.20442798267e+21 0.0 58 166 0
9647.7822191 4.20824234909e+20 1.20442798267e+21 0.0 58 166 0
9656.04230661 4.20824234909e+20 1.20442798267e+21 0.0 58 166 0
9664.30239413 4.20824234909e+20 1.20442798267e+21 0.0 58 166 0
9672.56248165 4.20824234909e+20 1.20442798267e+21 0.0 58 166 0
9680.82256916 4.20824234909e+20 1.20442798267e+21 0.0 58 166 0
9689.08265668 4.20824234909e+20 1.20442798267e+21 0.0 58 166 0
9697.3427442 4.20824234909e+20 1.20442798267e+21 0.0 58 166 0
9705.60283171 4.20824234909e+20 1.20442798267e+21 0.0 58 166 0
9713.86291923 4.20824234909e+20 1.20442798267e+21 0.0 58 166 0
9722.12300675 4.20824234909e+20 1.20442798267e+21 0.0 58 166 0
9730.38309426 4.20824234909e+20 1.20442798267e+21 0.0 58 166 0
9738.64318178 4.20824234909e+20 1.20442798267e+21 0.0 58 166 0
9746.9032693 4.20824234909e+20 1.20442798267e+21 0.0 58 166 0
9755.16335681 4.20824234909e+20 1.20442798267e+21 0.0 58 166 0
9763.42344433 4.20824234909e+20 1.20442798267e+21 0.0 58 166 0
9771.68353185 4.20824234909e+20 1.20442798267e+21 0.0 58 166 0
9779.94361936 4.20824234909e+20 1.20442798267e+21 0.0 58 166 0
9788.20370688 4.20824234909e+20 1.20442798267e+21 0.0 58 166 0
9796.46379439 4.20824234909e+20 1.20442798267e+21 0.0 58 166 0
9804.72388191 4.20824234909e+20 1.20442798267e+21 0.0 58 166 0
9812.98396943 4.20824234909e+20 1.20442798267e+21 0.0 58 166 0
9821.24405694 4.20824234909e+20 1.20442798267e+21 0.0 58 166 0
9829.50414446 4.20824234909e+20 1.20442798267e+21 0.0 58 166 0
9837.76423198 4.20824234909e+20 1.20442798267e+21 0.0 58 166 0
9846.02431949 4.20824234909e+20 1.20442798267e+21 0.0 58 166 0
9854.28440701 4.20824234909e+20 1.20442798267e+21 0.0 58 166 0
9862.54449453 4.20824234909e+20 1.20442798267e+21 0.0 58 166 0
9870.80458204 4.20824234909e+20 1.20442798267e+21 0.0 58 166 0
9879.06466956 4.20824234909e+20 1.20442798267e+21 0.0 58 166 0
9887.32475708 4.20824234909e+20 1.20442798267e+21 0.0 58 166 0
9895.58484459 4.20824234909e+20 1.20442798267e+21 0.0 58 166 0
9903.84493211 4.20824234909e+20 1.20442798267e+21 0.0 58 166 0
9912.10501963 4.20824234909e+20 1.20442798267e+21 0.0 58 166 0
9920.36510714 4.20824234909e+20 1.20442798267e+21 0.0 58 166 0
9928.62519466 4.20824234909e+20 1.20442798267e+21 0.0 58 166 0
9936.88528218 4.13568644652e+20 1.20442798267e+21 0.0 57 166 0
9945.14536969 4.13568644652e+20 1.20442798267e+21 0.0 57 166 0
9953.40545721 4.13568644652e+20 1.20442798267e+21 0.0 57 166 0
9961.66554473 4.13568644652e+20 1.20442798267e+21 0.0 57 166 0
9969.92563224 4.13568644652e+20 1.20442798267e+21 0.0 57 166 0
9978.18571976 4.13568644652e+20 1.20442798267e+21 0.0 57 166 0
9986.44580728 4.13568644652e+20 1.20442798267e+21 0.0 57 166 0
9994.70589479 4.13568644652e+20 1.20442798267e+21 0.0 57 166 0
10002.9659823 4.13568644652e+20 1.20442798267e+21 0.0 57 166 0
10011.2260698 4.13568644652e+20 1.20442798267e+21 0.0 57 166 0
10019.4861573 4.13568644652e+20 1.20442798267e+21 0.0 57 166 0
10027.7462449 4.13568644652e+20 1.20442798267e+21 0.0 57 166 0
10036.0063324 4.13568644652e+20 1.20442798267e+21 0.0 57 166 0
10044.2664199 4.13568644652e+20 1.20442798267e+21 0.0 57 166 0
10052.5265074 4.13568644652e+20 1.20442798267e+21 0.0 57 166 0
10060.7865949 4.06313054395e+20 1.20442798267e+21 0.0 56 166 0
10069.0466824 4.06313054395e+20 1.20442798267e+21 0.0 56 166 0
10077.30677 4.06313054395e+20 1.20442798267e+21 0.0 56 166 0
10085.5668575 4.06313054395e+20 1.20442798267e+21 0.0 56 166 0
10093.826945 4.06313054395e+20 1.20442798267e+21 0.0 56 166 0
10102.0870325 4.06313054395e+20 1.20442798267e+21 0.0 56 166 0
10110.34712 4.06313054395e+20 1.20442798267e+21 0.0 56 166 0
10118.6072075 4.06313054395e+20 1.20442798267e+21 0.0 56 166 0
10126.8672951 4.06313054395e+20 1.20442798267e+21 0.0 56 166 0
10135.1273826 4.06313054395e+20 1.20442798267e+21 0.0 56 166 0
10143.3874701 4.06313054395e+20 1.20442798267e+21 0.0 56 166 0
10151.6475576 3.99057464138e+20 1.20442798267e+21 0.0 55 166 0
10159.9076451 3.99057464138e+20 1.20442798267e+21 0.0 55 166 0
10168.1677326 4.06313054395e+20 1.20442798267e+21 0.0 56 166 0
10176.4278202 4.06313054395e+20 1.20442798267e+21 0.0 56 166 0
10184.6879077 4.06313054395e+20 1.20442798267e+21 0.0 56 166 0
10192.9479952 4.06313054395e+20 1.20442798267e+21 0.0 56 166 0
10201.2080827 4.13568644652e+20 1.20442798267e+21 0.0 57 166 0
10209.4681702 4.13568644652e+20 1.20442798267e+21 0.0 57 166 0
10217.7282577 4.13568644652e+20 1.20442798267e+21 0.0 57 166 0
10225.9883453 4.13568644652e+20 1.20442798267e+21 0.0 57 166 0
10234.2484328 4.13568644652e+20 1.20442798267e+21 0.0 57 166 0
10242.5085203 4.13568644652e+20 1.20442798267e+21 0.0 57 166 0
10250.7686078 4.13568644652e+20 1.20442798267e+21 0.0 57 166 0
10259.0286953 4.13568644652e+20 1.20442798267e+21 0.0 57 166 0
10267.2887828 4.13568644652e+20 1.20442798267e+21 0.0 57 166 0
10275.5488704 4.13568644652e+20 1.20442798267e+21 0.0 57 166 0
10283.8089579 4.06313054395e+20 1.20442798267e+21 0.0 56 166 0
10292.0690454 4.06313054395e+20 1.20442798267e+21 0.0 56 166 0
10300.3291329 4.06313054395e+20 1.20442798267e+21 0.0 56 166 0
10308.5892204 4.13568644652e+20 1.20442798267e+21 0.0 57 166 0
10316.8493079 4.13568644652e+20 1.20442798267e+21 0.0 57 166 0
10325.1093955 4.13568644652e+20 1.20442798267e+21 0.0 57 166 0
10333.369483 4.13568644652e+20 1.20442798267e+21 0.0 57 166 0
10341.6295705 4.13568644652e+20 1.20442798267e+21 0.0 57 166 0
10349.889658 4.13568644652e+20 1.20442798267e+21 0.0 57 166 0
10358.1497455 4.13568644652e+20 1.20442798267e+21 0.0 57 166 0
10366.409833 4.13568644652e+20 1.20442798267e+21 0.0 57 166 0
10374.6699206 4.13568644652e+20 1.20442798267e+21 0.0 57 166 0
10382.9300081 4.06313054395e+20 1.20442798267e+21 0.0 56 166 0
10391.1900956 4.06313054395e+20 1.20442798267e+21 0.0 56 166 0
10399.4501831 4.06313054395e+20 1.20442798267e+21 0.0 56 166 0
10407.7102706 4.06313054395e+20 1.20442798267e+21 0.0 56 166 0
10415.9703581 4.06313054395e+20 1.20442798267e+21 0.0 56 166 0
10424.2304457 4.06313054395e+20 1.20442798267e+21 0.0 56 166 0
10432.4905332 4.06313054395e+20 1.20442798267e+21 0.0 56 166 0
10440.7506207 4.06313054395e+20 1.20442798267e+21 0.0 56 166 0
10449.0107082 4.06313054395e+20 1.20442798267e+21 0.0 56 166 0
10457.2707957 4.06313054395e+20 1.20442798267e+21 0.0 56 166 0
10465.5308832 4.06313054395e+20 1.20442798267e+21 0.0 56 166 0
10473.7909708 4.06313054395e+20 1.20442798267e+21 0.0 56 166 0
10482.0510583 4.06313054395e+20 1.20442798267e+21 0.0 56 166 0
10490.3111458 4.13568644652e+20 1.20442798267e+21 0.0 57 166 0
10498.5712333 4.13568644652e+20 1.20442798267e+21 0.0 57 166 0
10506.8313208 4.13568644652e+20 1.20442798267e+21 0.0 57 166 0
10515.0914083 4.13568644652e+20 1.20442798267e+21 0.0 57 166 0
10523.3514959 4.13568644652e+20 1.20442798267e+21 0.0 57 166 0
10531.6115834 4.13568644652e+20 1.20442798267e+21 0.0 57 166 0
10539.8716709 4.13568644652e+20 1.20442798267e+21 0.0 57 166 0
10548.1317584 4.13568644652e+20 1.20442798267e+21 0.0 57 166 0
10556.3918459 4.13568644652e+20 1.20442798267e+21 0.0 57 166 0
10564.6519334 4.13568644652e+20 1.20442798267e+21 0.0 57 166 0
10572.912021 4.13568644652e+20 1.20442798267e+21 0.0 57 166 0
10581.1721085 4.13568644652e+20 1.20442798267e+21 0.0 57 166 0
10589.432196 4.13568644652e+20 1.20442798267e+21 0.0 57 166 0
10597.6922835 4.06313054395e+20 1.20442798267e+21 0.0 56 166 0
10605.952371 4.06313054395e+20 1.20442798267e+21 0.0 56 166 0
10614.2124585 4.06313054395e+20 1.20442798267e+21 0.0 56 166 0
10622.4725461 4.06313054395e+20 1.20442798267e+21 0.0 56 166 0
10630.7326336 4.06313054395e+20 1.20442798267e+21 0.0 56 166 0
10638.9927211 4.06313054395e+20 1.20442798267e+21 0.0 56 166 0
10647.2528086 4.06313054395e+20 1.20442798267e+21 0.0 56 166 0
10655.5128961 4.06313054395e+20 1.20442798267e+21 0.0 56 166 0
10663.7729836 4.06313054395e+20 1.20442798267e+21 0.0 56 166 0
10672.0330712 4.06313054395e+20 1.20442798267e+21 0.0 56 166 0
10680.2931587 4.06313054395e+20 1.20442798267e+21 0.0 56 166 0
10688.5532462 4.06313054395e+20 1.20442798267e+21 0.0 56 166 0
10696.8133337 4.06313054395e+20 1.20442798267e+21 0.0 56 166 0
10705.0734212 4.06313054395e+20 1.20442798267e+21 0.0 56 166 0
10713.3335087 4.06313054395e+20 1.20442798267e+21 0.0 56 166 0
10721.5935963 4.06313054395e+20 1.20442798267e+21 0.0 56 166 0
10729.8536838 4.06313054395e+20 1.20442798267e+21 0.0 56 166 0
10738.1137713 3.99057464138e+20 1.20442798267e+21 0.0 55 166 0
10746.3738588 3.99057464138e+20 1.20442798267e+21 0.0 55 166 0
10754.6339463 3.99057464138e+20 1.20442798267e+21 0.0 55 166 0
10762.8940338 3.99057464138e+20 1.20442798267e+21 0.0 55 166 0
10771.1541214 3.99057464138e+20 1.20442798267e+21 0.0 55 166 0
10779.4142089 3.99057464138e+20 1.20442798267e+21 0.0 55 166 0
10787.6742964 3.99057464138e+20 1.20442798267e+21 0.0 55 166 0
10795.9343839 3.99057464138e+20 1.20442798267e+21 0.0 55 166 0
10804.1944714 3.99057464138e+20 1.20442798267e+21 0.0 55 166 0
10812.4545589 3.99057464138e+20 1.20442798267e+21 0.0 55 166 0
10820.7146465 3.99057464138e+20 1.20442798267e+21 0.0 55 166 0
10828.974734 3.99057464138e+20 1.20442798267e+21 0.0 55 166 0
10837.2348215 3.99057464138e+20 1.20442798267e+21 0.0 55 166 0
10845.494909 3.99057464138e+20 1.20442798267e+21 0.0 55 166 0
10853.7549965 3.99057464138e+20 1.20442798267e+21 0.0 55 166 0
10862.015084 3.99057464138e+20 1.20442798267e+21 0.0 55 166 0
10870.2751716 3.99057464138e+20 1.20442798267e+21 0.0 55 166 0
10878.5352591 3.99057464138e+20 1.20442798267e+21 0.0 55 166 0
10886.7953466 3.99057464138e+20 1.20442798267e+21 0.0 55 166 0
10895.0554341 3.99057464138e+20 1.20442798267e+21 0.0 55 166 0
10903.3155216 3.99057464138e+20 1.20442798267e+21 0.0 55 166 0
10911.5756091 3.99057464138e+20 1.20442798267e+21 0.0 55 166 0
10919.8356967 3.99057464138e+20 1.20442798267e+21 0.0 55 166 0
10928.0957842 3.99057464138e+20 1.20442798267e+21 0.0 55 166 0
10936.3558717 3.99057464138e+20 1.20442798267e+21 0.0 55 166 0
10944.6159592 3.99057464138e+20 1.20442798267e+21 0.0 55 166 0
10952.8760467 3.99057464138e+20 1.20442798267e+21 0.0 55 166 0
10961.1361342 3.99057464138e+20 1.20442798267e+21 0.0 55 166 0
10969.3962218 3.99057464138e+20 1.20442798267e+21 0.0 55 166 0
10977.6563093 3.99057464138e+20 1.20442798267e+21 0.0 55 166 0
10985.9163968 3.99057464138e+20 1.20442798267e+21 0.0 55 166 0
10994.1764843 3.99057464138e+20 1.20442798267e+21 0.0 55 166 0
11002.4365718 3.99057464138e+20 1.20442798267e+21 0.0 55 166 0
11010.6966593 3.99057464138e+20 1.20442798267e+21 0.0 55 166 0
11018.9567469 3.99057464138e+20 1.20442798267e+21 0.0 55 166 0
11027.2168344 3.99057464138e+20 1.20442798267e+21 0.0 55 166 0
11035.4769219 3.99057464138e+20 1.20442798267e+21 0.0 55 166 0
11043.7370094 3.99057464138e+20 1.20442798267e+21 0.0 55 166 0
11051.9970969 3.99057464138e+20 1.20442798267e+21 0.0 55 166 0
11060.2571844 3.99057464138e+20 1.20442798267e+21 0.0 55 166 0
11068.517272 3.99057464138e+20 1.20442798267e+21 0.0 55 166 0
11076.7773595 3.99057464138e+20 1.20442798267e+21 0.0 55 166 0
11085.037447 3.99057464138e+20 1.20442798267e+21 0.0 55 166 0
11093.2975345 3.99057464138e+20 1.20442798267e+21 0.0 55 166 0
11101.557622 3.99057464138e+20 1.20442798267e+21 0.0 55 166 0
11109.8177095 3.99057464138e+20 1.20442798267e+21 0.0 55 166 0
11118.0777971 3.99057464138e+20 1.20442798267e+21 0.0 55 166 0
11126.3378846 3.99057464138e+20 1.20442798267e+21 0.0 55 166 0
11134.5979721 3.99057464138e+20 1.20442798267e+21 0.0 55 166 0
11142.8580596 3.99057464138e+20 1.20442798267e+21 0.0 55 166 0
11151.1181471 3.99057464138e+20 1.20442798267e+21 0.0 55 166 0
11159.3782346 3.99057464138e+20 1.20442798267e+21 0.0 55 166 0
11167.6383222 3.99057464138e+20 1.20442798267e+21 0.0 55 166 0
11175.8984097 3.99057464138e+20 1.20442798267e+21 0.0 55 166 0
11184.1584972 3.99057464138e+20 1.20442798267e+21 0.0 55 166 0
11192.4185847 3.99057464138e+20 1.20442798267e+21 0.0 55 166 0
11200.6786722 3.99057464138e+20 1.20442798267e+21 0.0 55 166 0
11208.9387597 3.99057464138e+20 1.20442798267e+21 0.0 55 166 0
11217.1988473 3.99057464138e+20 1.20442798267e+21 0.0 55 166 0
11225.4589348 3.99057464138e+20 1.20442798267e+21 0.0 55 166 0
11233.7190223 3.99057464138e+20 1.20442798267e+21 0.0 55 166 0
11241.9791098 3.99057464138e+20 1.20442798267e+21 0.0 55 166 0
11250.2391973 3.99057464138e+20 1.20442798267e+21 0.0 55 166 0
11258.4992848 3.99057464138e+20 1.20442798267e+21 0.0 55 166 0
11266.7593724 3.99057464138e+20 1.20442798267e+21 0.0 55 166 0
11275.0194599 3.99057464138e+20 1.20442798267e+21 0.0 55 166 0
11283.2795474 3.99057464138e+20 1.20442798267e+21 0.0 55 166 0
11291.5396349 3.99057464138e+20 1.20442798267e+21 0.0 55 166 0
11299.7997224 3.99057464138e+20 1.20442798267e+21 0.0 55 166 0
11308.0598099 3.99057464138e+20 1.20442798267e+21 0.0 55 166 0
11316.3198975 3.99057464138e+20 1.20442798267e+21 0.0 55 166 0
11324.579985 3.99057464138e+20 1.20442798267e+21 0.0 55 166 0
11332.8400725 3.99057464138e+20 1.20442798267e+21 0.0 55 166 0
11341.10016 3.99057464138e+20 1.20442798267e+21 0.0 55 166 0
11349.3602475 3.99057464138e+20 1.20442798267e+21 0.0 55 166 0
11357.620335 3.99057464138e+20 1.20442798267e+21 0.0 55 166 0
11365.8804226 3.99057464138e+20 1.20442798267e+21 0.0 55 166 0
11374.1405101 3.99057464138e+20 1.20442798267e+21 0.0 55 166 0
11382.4005976 3.99057464138e+20 1.20442798267e+21 0.0 55 166 0
11390.6606851 3.99057464138e+20 1.20442798267e+21 0.0 55 166 0
11398.9207726 3.99057464138e+20 1.20442798267e+21 0.0 55 166 0
11407.1808601 3.99057464138e+20 1.20442798267e+21 0.0 55 166 0
11415.4409477 3.99057464138e+20 1.20442798267e+21 0.0 55 166 0
11423.7010352 3.99057464138e+20 1.20442798267e+21 0.0 55 166 0
11431.9611227 3.99057464138e+20 1.20442798267e+21 0.0 55 166 0
11440.2212102 3.99057464138e+20 1.20442798267e+21 0.0 55 166 0
11448.4812977 3.99057464138e+20 1.20442798267e+21 0.0 55 166 0
11456.7413852 3.99057464138e+20 1.20442798267e+21 0.0 55 166 0
11465.0014728 3.99057464138e+20 1.20442798267e+21 0.0 55 166 0
11473.2615603 3.99057464138e+20 1.20442798267e+21 0.0 55 166 0
11481.5216478 3.99057464138e+20 1.20442798267e+21 0.0 55 166 0
11489.7817353 3.99057464138e+20 1.20442798267e+21 0.0 55 166 0
11498.0418228 3.99057464138e+20 1.20442798267e+21 0.0 55 166 0
11506.3019103 3.99057464138e+20 1.20442798267e+21 0.0 55 166 0
11514.5619979 3.91801873881e+20 1.20442798267e+21 0.0 54 166 0
11522.8220854 3.91801873881e+20 1.20442798267e+21 0.0 54 166 0
11531.0821729 3.91801873881e+20 1.20442798267e+21 0.0 54 166 0
11539.3422604 3.91801873881e+20 1.20442798267e+21 0.0 54 166 0
11547.6023479 3.91801873881e+20 1.20442798267e+21 0.0 54 166 0
11555.8624354 3.91801873881e+20 1.20442798267e+21 0.0 54 166 0
11564.1225229 3.91801873881e+20 1.20442798267e+21 0.0 54 166 0
11572.3826105 3.91801873881e+20 1.20442798267e+21 0.0 54 166 0
11580.642698 3.91801873881e+20 1.20442798267e+21 0.0 54 166 0
11588.9027855 3.91801873881e+20 1.20442798267e+21 0.0 54 166 0
11597.162873 3.91801873881e+20 1.20442798267e+21 0.0 54 166 0
11605.4229605 3.91801873881e+20 1.20442798267e+21 0.0 54 166 0
11613.683048 3.91801873881e+20 1.20442798267e+21 0.0 54 166 0
11621.9431356 3.91801873881e+20 1.20442798267e+21 0.0 54 166 0
11630.2032231 3.91801873881e+20 1.20442798267e+21 0.0 54 166 0
11638.4633106 3.91801873881e+20 1.20442798267e+21 0.0 54 166 0
11646.7233981 3.99057464138e+20 1.20442798267e+21 0.0 55 166 0
11654.9834856 3.99057464138e+20 1.20442798267e+21 0.0 55 166 0
11663.2435731 3.99057464138e+20 1.20442798267e+21 0.0 55 166 0
11671.5036607 3.99057464138e+20 1.20442798267e+21 0.0 55 166 0
11679.7637482 3.99057464138e+20 1.20442798267e+21 0.0 55 166 0
11688.0238357 3.99057464138e+20 1.20442798267e+21 0.0 55 166 0
11696.2839232 3.99057464138e+20 1.20442798267e+21 0.0 55 166 0
11704.5440107 3.99057464138e+20 1.20442798267e+21 0.0 55 166 0
11712.8040982 3.99057464138e+20 1.20442798267e+21 0.0 55 166 0
11721.0641858 3.99057464138e+20 1.20442798267e+21 0.0 55 166 0
11729.3242733 3.99057464138e+20 1.20442798267e+21 0.0 55 166 0
11737.5843608 3.99057464138e+20 1.20442798267e+21 0.0 55 166 0
11745.8444483 3.99057464138e+20 1.20442798267e+21 0.0 55 166 0
11754.1045358 3.99057464138e+20 1.20442798267e+21 0.0 55 166 0
11762.3646233 3.99057464138e+20 1.20442798267e+21 0.0 55 166 0
11770.6247109 3.84546283624e+20 1.20442798267e+21 0.0 53 166 0
11778.8847984 3.84546283624e+20 1.20442798267e+21 0.0 53 166 0
11787.1448859 3.84546283624e+20 1.20442798267e+21 0.0 53 166 0
11795.4049734 3.77290693367e+20 1.20442798267e+21 0.0 52 166 0
11803.6650609 3.77290693367e+20 1.20442798267e+21 0.0 52 166 0
