0.0 0.0 3.38836065004e+21
8.26008751617 0.0 3.38836065004e+21
16.5201750323 0.0 3.38836065004e+21
24.7802625485 0.0 3.38836065004e+21
33.0403500647 0.0 3.38836065004e+21
41.3004375808 0.0 3.38836065004e+21
49.560525097 0.0 3.38836065004e+21
57.8206126132 0.0 3.38836065004e+21
66.0807001293 0.0 3.38836065004e+21
74.3407876455 0.0 3.38836065004e+21
82.6008751617 0.0 3.38836065004e+21
90.8609626779 0.0 3.38836065004e+21
99.121050194 0.0 3.38836065004e+21
107.38113771 0.0 3.38836065004e+21
115.641225226 0.0 3.38836065004e+21
123.901312743 0.0 3.38836065004e+21
132.161400259 0.0 3.38836065004e+21
140.421487775 3.62779512852e+20 3.00381436642e+21
148.681575291 6.31236352363e+20 2.69907957562e+21
156.941662807 7.98114928275e+20 2.45238950688e+21
165.201750323 9.64993504188e+20 2.24197738943e+21
173.46183784 1.17540562164e+21 1.94449818889e+21
181.721925356 1.2842394755e+21 1.82840874478e+21
189.982012872 1.29149506575e+21 1.75585284221e+21
198.242100388 1.39307332935e+21 1.63250780784e+21
206.502187904 1.46562923192e+21 1.51641836372e+21
214.76227542 1.53092954424e+21 1.42209569038e+21
223.022362937 1.53818513449e+21 1.34953978781e+21
231.282450453 1.56720749552e+21 1.29149506575e+21
239.542537969 1.65427457861e+21 1.19717239241e+21
247.802625485 1.68329693964e+21 1.13912767036e+21
256.062713001 1.74134166169e+21 1.07382735804e+21
264.322800517 1.72683048118e+21 1.03754940676e+21
272.582888034 1.72683048118e+21 1.01578263599e+21
280.84297555 1.73408607143e+21 9.94015865216e+20
289.103063066 1.74859725195e+21 9.64993504188e+20
297.363150582 1.77761961298e+21 9.21459962645e+20
305.623238098 1.79213079349e+21 8.92437601617e+20
313.883325614 1.83566433503e+21 8.34392879561e+20
322.143413131 1.83566433503e+21 7.98114928275e+20
330.403500647 1.8574311058e+21 7.47325796476e+20
338.663588163 1.85017551555e+21 7.40070206219e+20
346.923675679 1.86468669606e+21 7.03792254934e+20
355.183763195 1.85017551555e+21 6.82025484163e+20
363.443850711 1.87194228632e+21 6.53003123134e+20
371.703938227 1.88645346683e+21 6.23980762106e+20
379.964025743 1.90096464735e+21 5.94958401078e+20
388.22411326 1.90096464735e+21 5.87702810821e+20
396.484200776 1.89370905709e+21 5.6593604005e+20
404.744288292 1.9082202376e+21 5.51424859536e+20
413.004375808 1.91547582786e+21 5.29658088765e+20
421.264463324 1.92998700838e+21 5.29658088765e+20
429.52455084 1.93724259863e+21 5.00635727736e+20
437.784638356 1.93724259863e+21 5.00635727736e+20
446.044725873 1.92998700838e+21 4.93380137479e+20
454.304813389 1.9082202376e+21 4.93380137479e+20
462.564900905 1.89370905709e+21 5.00635727736e+20
470.824988421 1.90096464735e+21 4.93380137479e+20
479.085075937 1.9082202376e+21 5.00635727736e+20
487.345163453 1.94449818889e+21 4.93380137479e+20
495.605250969 1.93724259863e+21 4.86124547222e+20
503.865338486 1.90096464735e+21 4.78868956965e+20
512.125426002 1.89370905709e+21 4.78868956965e+20
520.385513518 1.89370905709e+21 4.71613366708e+20
528.645601034 1.8574311058e+21 4.71613366708e+20
536.90568855 1.86468669606e+21 4.71613366708e+20
545.165776066 1.84291992529e+21 4.71613366708e+20
553.425863582 1.85017551555e+21 4.78868956965e+20
561.685951098 1.83566433503e+21 4.78868956965e+20
569.946038615 1.82115315452e+21 4.78868956965e+20
578.206126131 1.81389756426e+21 4.78868956965e+20
586.466213647 1.81389756426e+21 4.71613366708e+20
594.726301163 1.79938638375e+21 4.71613366708e+20
602.986388679 1.83254101615e+21 4.71613366708e+20
611.246476195 1.81802983564e+21 4.71613366708e+20
619.506563711 1.80351865512e+21 4.71613366708e+20
627.766651228 1.79626306487e+21 4.64357776451e+20
636.026738744 1.81077424538e+21 4.64357776451e+20
644.28682626 1.81802983564e+21 4.64357776451e+20
652.546913776 1.81077424538e+21 4.57102186194e+20
660.807001292 1.81077424538e+21 4.57102186194e+20
669.067088809 1.81077424538e+21 4.57102186194e+20
677.327176325 1.81077424538e+21 4.57102186194e+20
685.587263841 1.81077424538e+21 4.57102186194e+20
693.847351357 1.79626306487e+21 4.57102186194e+20
702.107438874 1.78900747461e+21 4.57102186194e+20
710.36752639 1.78175188435e+21 4.57102186194e+20
718.627613906 1.76724070384e+21 4.57102186194e+20
726.887701422 1.75272952332e+21 4.57102186194e+20
735.147788938 1.75998511358e+21 4.57102186194e+20
743.407876455 1.75272952332e+21 4.57102186194e+20
751.667963971 1.71645157204e+21 4.57102186194e+20
759.928051487 1.69468480127e+21 4.57102186194e+20
768.188139003 1.69468480127e+21 4.57102186194e+20
776.448226519 1.65427457861e+21 4.57102186194e+20
784.708314036 1.63976339809e+21 4.57102186194e+20
792.968401552 1.61799662732e+21 4.57102186194e+20
801.228489068 1.61799662732e+21 4.57102186194e+20
809.488576584 1.61799662732e+21 4.57102186194e+20
817.7486641 1.61074103707e+21 4.57102186194e+20
826.008751617 1.60348544681e+21 4.57102186194e+20
834.268839133 1.58897426629e+21 4.57102186194e+20
842.528926649 1.57446308578e+21 4.49846595937e+20
850.789014165 1.55269631501e+21 4.49846595937e+20
859.049101681 1.55995190527e+21 4.49846595937e+20
867.309189198 1.56720749552e+21 4.49846595937e+20
875.569276714 1.55995190527e+21 4.49846595937e+20
883.82936423 1.55995190527e+21 4.49846595937e+20
892.089451746 1.54544072475e+21 4.49846595937e+20
900.349539262 1.53818513449e+21 4.49846595937e+20
908.609626779 1.53818513449e+21 4.49846595937e+20
916.869714295 1.53092954424e+21 4.49846595937e+20
925.129801811 1.53092954424e+21 4.49846595937e+20
933.389889327 1.54544072475e+21 4.49846595937e+20
941.649976843 1.61900557982e+21 4.49846595937e+20
949.91006436 1.6044943993e+21 4.49846595937e+20
958.170151876 1.6044943993e+21 4.49846595937e+20
966.430239392 1.58998321879e+21 4.49846595937e+20
974.690326908 1.57547203827e+21 4.49846595937e+20
982.950414424 1.57547203827e+21 4.49846595937e+20
991.210501941 1.57547203827e+21 4.49846595937e+20
999.470589457 1.56096085776e+21 4.49846595937e+20
1007.73067697 1.56096085776e+21 4.49846595937e+20
1015.99076449 1.56096085776e+21 4.49846595937e+20
1024.25085201 1.54644967724e+21 4.49846595937e+20
1032.51093952 1.53193849673e+21 4.49846595937e+20
1040.77102704 1.53193849673e+21 4.49846595937e+20
1049.03111455 1.52468290647e+21 4.49846595937e+20
1057.29120207 1.52468290647e+21 4.49846595937e+20
1065.55128959 1.55783753888e+21 4.49846595937e+20
1073.8113771 1.55058194862e+21 4.49846595937e+20
1082.07146462 1.53607076811e+21 4.49846595937e+20
1090.33155214 1.52155958759e+21 4.49846595937e+20
1098.59163965 1.50704840708e+21 4.49846595937e+20
1106.85172717 1.50704840708e+21 4.49846595937e+20
1115.11181468 1.49253722656e+21 4.49846595937e+20
1123.3719022 1.47077045579e+21 4.49846595937e+20
1131.63198972 1.47077045579e+21 4.49846595937e+20
1139.89207723 1.46351486554e+21 4.49846595937e+20
1148.15216475 1.44900368502e+21 4.49846595937e+20
1156.41225226 1.45625927528e+21 4.4259100568e+20
1164.67233978 1.46351486554e+21 4.4259100568e+20
1172.9324273 1.46351486554e+21 4.4259100568e+20
1181.19251481 1.40859346236e+21 4.4259100568e+20
1189.45260233 1.40859346236e+21 4.4259100568e+20
1197.71268985 1.4013378721e+21 4.4259100568e+20
1205.97277736 1.37957110133e+21 4.4259100568e+20
1214.23286488 1.37231551108e+21 4.4259100568e+20
1222.49295239 1.35780433056e+21 4.4259100568e+20
1230.75303991 1.34329315005e+21 4.4259100568e+20
1239.01312743 1.33603755979e+21 4.4259100568e+20
1247.27321494 1.34329315005e+21 4.4259100568e+20
1255.53330246 1.34329315005e+21 4.4259100568e+20
1263.79338997 1.34329315005e+21 4.4259100568e+20
1272.05347749 1.3505487403e+21 4.4259100568e+20
1280.31356501 1.3505487403e+21 4.4259100568e+20
1288.57365252 1.35780433056e+21 4.4259100568e+20
1296.83374004 1.3505487403e+21 4.4259100568e+20
1305.09382756 1.35780433056e+21 4.4259100568e+20
1313.35391507 1.37957110133e+21 4.4259100568e+20
1321.61400259 1.35780433056e+21 4.4259100568e+20
1329.8740901 1.3505487403e+21 4.4259100568e+20
1338.13417762 1.3505487403e+21 4.4259100568e+20
1346.39426514 1.33603755979e+21 4.4259100568e+20
1354.65435265 1.28111615662e+21 4.4259100568e+20
1362.91444017 1.27386056636e+21 4.4259100568e+20
1371.17452768 1.27386056636e+21 4.4259100568e+20
1379.4346152 1.25934938584e+21 4.4259100568e+20
1387.69470272 1.25934938584e+21 4.4259100568e+20
1395.95479023 1.24483820533e+21 4.4259100568e+20
1404.21487775 1.22307143456e+21 4.4259100568e+20
1412.47496526 1.2158158443e+21 4.4259100568e+20
1420.73505278 1.2158158443e+21 4.4259100568e+20
1428.9951403 1.20856025405e+21 4.4259100568e+20
1437.25522781 1.2158158443e+21 4.4259100568e+20
1445.51531533 1.20856025405e+21 4.4259100568e+20
1453.77540284 1.20856025405e+21 4.4259100568e+20
1462.03549036 1.19404907353e+21 4.4259100568e+20
1470.29557788 1.17953789302e+21 4.4259100568e+20
1478.55566539 1.17953789302e+21 4.4259100568e+20
1486.81575291 1.17228230276e+21 4.4259100568e+20
1495.07584042 1.15051553199e+21 4.4259100568e+20
1503.33592794 1.14325994173e+21 4.4259100568e+20
1511.59601546 1.14325994173e+21 4.4259100568e+20
1519.85610297 1.15777112225e+21 4.4259100568e+20
1528.11619049 1.15777112225e+21 4.4259100568e+20
1536.376278 1.1650267125e+21 4.4259100568e+20
1544.63636552 1.12149317096e+21 4.4259100568e+20
1552.89645304 1.12149317096e+21 4.4259100568e+20
1561.15654055 1.12874876122e+21 4.4259100568e+20
1569.41662807 1.08833853856e+21 4.4259100568e+20
1577.67671559 1.09559412881e+21 4.4259100568e+20
1585.9368031 1.10284971907e+21 4.4259100568e+20
1594.19689062 1.11736089959e+21 4.4259100568e+20
1602.45697813 1.10284971907e+21 4.4259100568e+20
1610.71706565 1.10284971907e+21 4.4259100568e+20
1618.97715317 1.10284971907e+21 4.4259100568e+20
1627.23724068 1.09559412881e+21 4.4259100568e+20
1635.4973282 1.12874876122e+21 4.4259100568e+20
1643.75741571 1.12874876122e+21 4.4259100568e+20
1652.01750323 1.12874876122e+21 4.4259100568e+20
1660.27759075 1.12149317096e+21 4.4259100568e+20
1668.53767826 1.10698199045e+21 4.4259100568e+20
1676.79776578 1.10698199045e+21 4.4259100568e+20
1685.05785329 1.09247080993e+21 4.4259100568e+20
1693.31794081 1.09247080993e+21 4.4259100568e+20
1701.57802833 1.07795962942e+21 4.4259100568e+20
1709.83811584 1.0634484489e+21 4.4259100568e+20
1718.09820336 1.05619285865e+21 4.4259100568e+20
1726.35829087 1.05619285865e+21 4.4259100568e+20
1734.61837839 1.04893726839e+21 4.4259100568e+20
1742.87846591 1.04893726839e+21 4.4259100568e+20
1751.13855342 1.03442608788e+21 4.4259100568e+20
1759.39864094 1.03442608788e+21 4.4259100568e+20
1767.65872845 1.03442608788e+21 4.4259100568e+20
1775.91881597 1.02717049762e+21 4.4259100568e+20
1784.17890349 1.02717049762e+21 4.4259100568e+20
1792.438991 1.01991490736e+21 4.4259100568e+20
1800.69907852 1.0126593171e+21 4.4259100568e+20
1808.95916604 1.00540372685e+21 4.4259100568e+20
1817.21925355 9.98148136591e+20 4.4259100568e+20
1825.47934107 1.00540372685e+21 4.4259100568e+20
1833.73942858 1.00540372685e+21 4.4259100568e+20
1841.9995161 9.98148136591e+20 4.4259100568e+20
1850.25960362 9.98148136591e+20 4.4259100568e+20
1858.51969113 9.90892546334e+20 4.4259100568e+20
1866.77977865 9.83636956077e+20 4.4259100568e+20
1875.03986616 9.7638136582e+20 4.4259100568e+20
1883.29995368 9.61870185306e+20 4.4259100568e+20
1891.5600412 9.54614595049e+20 4.4259100568e+20
1899.82012871 9.47359004791e+20 4.4259100568e+20
1908.08021623 9.40103414534e+20 4.4259100568e+20
1916.34030374 9.40103414534e+20 4.4259100568e+20
1924.60039126 9.40103414534e+20 4.4259100568e+20
1932.86047878 9.2559223402e+20 4.4259100568e+20
1941.12056629 9.18336643763e+20 4.4259100568e+20
1949.38065381 9.18336643763e+20 4.4259100568e+20
1957.64074132 9.11081053506e+20 4.4259100568e+20
1965.90082884 9.11081053506e+20 4.4259100568e+20
1974.16091636 9.11081053506e+20 4.4259100568e+20
1982.42100387 9.03825463249e+20 4.4259100568e+20
1990.68109139 9.11081053506e+20 4.4259100568e+20
1998.9411789 9.03825463249e+20 4.4259100568e+20
2007.20126642 9.03825463249e+20 4.4259100568e+20
2015.46135394 9.03825463249e+20 4.4259100568e+20
2023.72144145 9.03825463249e+20 4.4259100568e+20
2031.98152897 8.89314282735e+20 4.4259100568e+20
2040.24161649 8.89314282735e+20 4.4259100568e+20
2048.501704 8.89314282735e+20 4.4259100568e+20
2056.76179152 8.89314282735e+20 4.4259100568e+20
2065.02187903 8.89314282735e+20 4.4259100568e+20
2073.28196655 8.82058692478e+20 4.4259100568e+20
2081.54205407 8.89314282735e+20 4.4259100568e+20
2089.80214158 8.89314282735e+20 4.4259100568e+20
2098.0622291 8.89314282735e+20 4.4259100568e+20
2106.32231661 8.82058692478e+20 4.4259100568e+20
2114.58240413 8.60291921707e+20 4.4259100568e+20
2122.84249165 8.5303633145e+20 4.4259100568e+20
2131.10257916 8.60291921707e+20 4.4259100568e+20
2139.36266668 8.67547511964e+20 4.4259100568e+20
2147.62275419 8.67547511964e+20 4.4259100568e+20
2155.88284171 8.67547511964e+20 4.4259100568e+20
2164.14292923 8.27137289304e+20 4.4259100568e+20
2172.40301674 8.27137289304e+20 4.4259100568e+20
2180.66310426 8.19881699047e+20 4.4259100568e+20
2188.92319177 8.05370518533e+20 4.4259100568e+20
2197.18327929 8.05370518533e+20 4.4259100568e+20
2205.44336681 8.05370518533e+20 4.4259100568e+20
2213.70345432 7.98114928275e+20 4.4259100568e+20
2221.96354184 7.90859338018e+20 4.4259100568e+20
2230.22362935 7.83603747761e+20 4.4259100568e+20
2238.48371687 7.83603747761e+20 4.4259100568e+20
2246.74380439 7.90859338018e+20 4.4259100568e+20
2255.0038919 7.90859338018e+20 4.4259100568e+20
2263.26397942 7.83603747761e+20 4.4259100568e+20
2271.52406693 7.83603747761e+20 4.4259100568e+20
2279.78415445 7.76348157504e+20 4.4259100568e+20
2288.04424197 7.90859338018e+20 4.4259100568e+20
2296.30432948 7.83603747761e+20 4.4259100568e+20
2304.564417 7.76348157504e+20 4.4259100568e+20
2312.82450452 7.76348157504e+20 4.4259100568e+20
2321.08459203 7.76348157504e+20 4.4259100568e+20
2329.34467955 7.6183697699e+20 4.4259100568e+20
2337.60476706 7.47325796476e+20 4.4259100568e+20
2345.86485458 7.47325796476e+20 4.4259100568e+20
2354.1249421 7.40070206219e+20 4.4259100568e+20
2362.38502961 7.40070206219e+20 4.4259100568e+20
2370.64511713 7.40070206219e+20 4.4259100568e+20
2378.90520464 7.47325796476e+20 4.4259100568e+20
2387.16529216 7.47325796476e+20 4.4259100568e+20
2395.42537968 7.54581386733e+20 4.4259100568e+20
2403.68546719 7.54581386733e+20 4.4259100568e+20
2411.94555471 7.54581386733e+20 4.4259100568e+20
2420.20564222 7.47325796476e+20 4.4259100568e+20
2428.46572974 7.40070206219e+20 4.4259100568e+20
2436.72581726 7.40070206219e+20 4.4259100568e+20
2444.98590477 7.40070206219e+20 4.4259100568e+20
2453.24599229 7.40070206219e+20 4.4259100568e+20
2461.5060798 7.40070206219e+20 4.4259100568e+20
2469.76616732 7.40070206219e+20 4.4259100568e+20
2478.02625484 7.40070206219e+20 4.4259100568e+20
2486.28634235 7.25559025705e+20 4.4259100568e+20
2494.54642987 7.25559025705e+20 4.4259100568e+20
2502.80651738 7.18303435448e+20 4.4259100568e+20
2511.0666049 7.18303435448e+20 4.4259100568e+20
2519.32669242 7.18303435448e+20 4.4259100568e+20
2527.58677993 7.18303435448e+20 4.4259100568e+20
2535.84686745 7.11047845191e+20 4.4259100568e+20
2544.10695497 7.03792254934e+20 4.4259100568e+20
2552.36704248 7.11047845191e+20 4.4259100568e+20
2560.62713 7.03792254934e+20 4.4259100568e+20
2568.88721751 7.03792254934e+20 4.4259100568e+20
2577.14730503 6.96536664677e+20 4.4259100568e+20
2585.40739255 6.96536664677e+20 4.4259100568e+20
2593.66748006 6.96536664677e+20 4.4259100568e+20
2601.92756758 6.96536664677e+20 4.4259100568e+20
2610.18765509 6.8928107442e+20 4.4259100568e+20
2618.44774261 6.74769893906e+20 4.4259100568e+20
2626.70783013 6.74769893906e+20 4.4259100568e+20
2634.96791764 6.74769893906e+20 4.4259100568e+20
2643.22800516 6.74769893906e+20 4.4259100568e+20
2651.48809267 6.74769893906e+20 4.4259100568e+20
2659.74818019 6.74769893906e+20 4.4259100568e+20
2668.00826771 6.74769893906e+20 4.4259100568e+20
2676.26835522 6.74769893906e+20 4.4259100568e+20
2684.52844274 6.82025484163e+20 4.4259100568e+20
2692.78853025 6.82025484163e+20 4.4259100568e+20
2701.04861777 6.82025484163e+20 4.4259100568e+20
2709.30870529 6.82025484163e+20 4.4259100568e+20
2717.5687928 6.82025484163e+20 4.4259100568e+20
2725.82888032 6.82025484163e+20 4.4259100568e+20
2734.08896783 6.82025484163e+20 4.4259100568e+20
2742.34905535 6.8928107442e+20 4.4259100568e+20
2750.60914287 6.8928107442e+20 4.4259100568e+20
2758.86923038 6.8928107442e+20 4.4259100568e+20
2767.1293179 6.8928107442e+20 4.4259100568e+20
2775.38940542 6.82025484163e+20 4.4259100568e+20
2783.64949293 6.82025484163e+20 4.4259100568e+20
2791.90958045 6.74769893906e+20 4.4259100568e+20
2800.16966796 6.67514303649e+20 4.4259100568e+20
2808.42975548 6.67514303649e+20 4.4259100568e+20
2816.689843 6.60258713392e+20 4.4259100568e+20
2824.94993051 6.60258713392e+20 4.4259100568e+20
2833.21001803 6.60258713392e+20 4.4259100568e+20
2841.47010554 6.45747532877e+20 4.4259100568e+20
2849.73019306 6.3849194262e+20 4.4259100568e+20
2857.99028058 6.3849194262e+20 4.4259100568e+20
2866.25036809 6.3849194262e+20 4.4259100568e+20
2874.51045561 6.3849194262e+20 4.4259100568e+20
2882.77054312 6.31236352363e+20 4.4259100568e+20
2891.03063064 6.3849194262e+20 4.4259100568e+20
2899.29071816 6.3849194262e+20 4.4259100568e+20
2907.55080567 6.3849194262e+20 4.4259100568e+20
2915.81089319 6.23980762106e+20 4.4259100568e+20
2924.0709807 6.23980762106e+20 4.4259100568e+20
2932.33106822 6.16725171849e+20 4.4259100568e+20
2940.59115574 6.31236352363e+20 4.4259100568e+20
2948.85124325 6.23980762106e+20 4.4259100568e+20
2957.11133077 6.23980762106e+20 4.4259100568e+20
2965.37141828 6.23980762106e+20 4.4259100568e+20
2973.6315058 6.23980762106e+20 4.4259100568e+20
2981.89159332 6.23980762106e+20 4.4259100568e+20
2990.15168083 6.16725171849e+20 4.4259100568e+20
2998.41176835 6.23980762106e+20 4.4259100568e+20
3006.67185586 6.16725171849e+20 4.4259100568e+20
3014.93194338 6.16725171849e+20 4.4259100568e+20
3023.1920309 6.09469581592e+20 4.4259100568e+20
3031.45211841 5.94958401078e+20 4.4259100568e+20
3039.71220593 5.87702810821e+20 4.4259100568e+20
3047.97229345 5.80447220564e+20 4.4259100568e+20
3056.23238096 5.87702810821e+20 4.4259100568e+20
3064.49246848 5.80447220564e+20 4.4259100568e+20
3072.75255599 5.80447220564e+20 4.4259100568e+20
3081.01264351 5.73191630307e+20 4.4259100568e+20
3089.27273103 5.73191630307e+20 4.4259100568e+20
3097.53281854 5.73191630307e+20 4.4259100568e+20
3105.79290606 5.80447220564e+20 4.4259100568e+20
3114.05299357 5.80447220564e+20 4.4259100568e+20
3122.31308109 5.80447220564e+20 4.4259100568e+20
3130.57316861 5.80447220564e+20 4.4259100568e+20
3138.83325612 5.87702810821e+20 4.4259100568e+20
3147.09334364 5.80447220564e+20 4.4259100568e+20
3155.35343115 5.80447220564e+20 4.4259100568e+20
3163.61351867 5.73191630307e+20 4.4259100568e+20
3171.87360619 5.80447220564e+20 4.4259100568e+20
3180.1336937 5.80447220564e+20 4.4259100568e+20
3188.39378122 5.80447220564e+20 4.4259100568e+20
3196.65386873 5.87702810821e+20 4.4259100568e+20
3204.91395625 5.94958401078e+20 4.4259100568e+20
3213.17404377 5.94958401078e+20 4.4259100568e+20
3221.43413128 5.94958401078e+20 4.4259100568e+20
3229.6942188 5.94958401078e+20 4.4259100568e+20
3237.95430631 5.94958401078e+20 4.4259100568e+20
3246.21439383 5.94958401078e+20 4.4259100568e+20
3254.47448135 5.87702810821e+20 4.4259100568e+20
3262.73456886 5.87702810821e+20 4.4259100568e+20
3270.99465638 5.87702810821e+20 4.4259100568e+20
3279.2547439 5.87702810821e+20 4.4259100568e+20
3287.51483141 5.87702810821e+20 4.4259100568e+20
3295.77491893 5.87702810821e+20 4.4259100568e+20
3304.03500644 5.87702810821e+20 4.4259100568e+20
3312.29509396 5.87702810821e+20 4.4259100568e+20
3320.55518148 5.87702810821e+20 4.4259100568e+20
3328.81526899 5.94958401078e+20 4.4259100568e+20
3337.07535651 5.94958401078e+20 4.4259100568e+20
3345.33544402 5.87702810821e+20 4.4259100568e+20
3353.59553154 5.87702810821e+20 4.4259100568e+20
3361.85561906 5.87702810821e+20 4.4259100568e+20
3370.11570657 5.87702810821e+20 4.4259100568e+20
3378.37579409 5.87702810821e+20 4.4259100568e+20
3386.6358816 5.87702810821e+20 4.4259100568e+20
3394.89596912 5.87702810821e+20 4.4259100568e+20
3403.15605664 5.87702810821e+20 4.4259100568e+20
3411.41614415 5.80447220564e+20 4.4259100568e+20
3419.67623167 5.80447220564e+20 4.4259100568e+20
3427.93631918 5.80447220564e+20 4.4259100568e+20
3436.1964067 5.80447220564e+20 4.4259100568e+20
3444.45649422 5.80447220564e+20 4.4259100568e+20
3452.71658173 5.80447220564e+20 4.4259100568e+20
3460.97666925 5.80447220564e+20 4.4259100568e+20
3469.23675676 5.73191630307e+20 4.4259100568e+20
3477.49684428 5.73191630307e+20 4.4259100568e+20
3485.7569318 5.80447220564e+20 4.4259100568e+20
3494.01701931 5.87702810821e+20 4.4259100568e+20
3502.27710683 5.87702810821e+20 4.4259100568e+20
3510.53719435 5.87702810821e+20 4.4259100568e+20
3518.79728186 5.94958401078e+20 4.4259100568e+20
3527.05736938 5.94958401078e+20 4.4259100568e+20
3535.31745689 5.87702810821e+20 4.4259100568e+20
3543.57754441 5.80447220564e+20 4.4259100568e+20
3551.83763193 5.80447220564e+20 4.4259100568e+20
3560.09771944 5.80447220564e+20 4.4259100568e+20
3568.35780696 5.80447220564e+20 4.4259100568e+20
3576.61789447 5.80447220564e+20 4.4259100568e+20
3584.87798199 5.80447220564e+20 4.4259100568e+20
3593.13806951 5.87702810821e+20 4.4259100568e+20
3601.39815702 5.87702810821e+20 4.4259100568e+20
3609.65824454 5.87702810821e+20 4.4259100568e+20
3617.91833205 5.80447220564e+20 4.4259100568e+20
3626.17841957 5.80447220564e+20 4.4259100568e+20
3634.43850709 5.80447220564e+20 4.4259100568e+20
3642.6985946 5.80447220564e+20 4.4259100568e+20
3650.95868212 5.80447220564e+20 4.4259100568e+20
3659.21876963 5.87702810821e+20 4.4259100568e+20
3667.47885715 5.87702810821e+20 4.4259100568e+20
3675.73894467 5.87702810821e+20 4.4259100568e+20
3683.99903218 5.94958401078e+20 4.4259100568e+20
3692.2591197 5.94958401078e+20 4.4259100568e+20
3700.51920721 5.87702810821e+20 4.4259100568e+20
3708.77929473 5.87702810821e+20 4.4259100568e+20
3717.03938225 5.87702810821e+20 4.4259100568e+20
3725.29946976 5.80447220564e+20 4.4259100568e+20
3733.55955728 5.6593604005e+20 4.4259100568e+20
3741.81964479 5.6593604005e+20 4.4259100568e+20
3750.07973231 5.58680449793e+20 4.4259100568e+20
3758.33981983 5.58680449793e+20 4.4259100568e+20
3766.59990734 5.58680449793e+20 4.4259100568e+20
3774.85999486 5.51424859536e+20 4.4259100568e+20
3783.12008238 5.51424859536e+20 4.4259100568e+20
3791.38016989 5.51424859536e+20 4.4259100568e+20
3799.64025741 5.51424859536e+20 4.4259100568e+20
3807.90034492 5.51424859536e+20 4.4259100568e+20
3816.16043244 5.58680449793e+20 4.4259100568e+20
3824.42051996 5.51424859536e+20 4.4259100568e+20
3832.68060747 5.51424859536e+20 4.4259100568e+20
3840.94069499 5.58680449793e+20 4.4259100568e+20
3849.2007825 5.6593604005e+20 4.4259100568e+20
3857.46087002 5.73191630307e+20 4.4259100568e+20
3865.72095754 5.73191630307e+20 4.4259100568e+20
3873.98104505 5.73191630307e+20 4.4259100568e+20
3882.24113257 5.73191630307e+20 4.4259100568e+20
3890.50122008 5.6593604005e+20 4.4259100568e+20
3898.7613076 5.6593604005e+20 4.4259100568e+20
3907.02139512 5.6593604005e+20 4.4259100568e+20
3915.28148263 5.6593604005e+20 4.4259100568e+20
3923.54157015 5.58680449793e+20 4.4259100568e+20
3931.80165766 5.58680449793e+20 4.4259100568e+20
3940.06174518 5.58680449793e+20 4.4259100568e+20
3948.3218327 5.58680449793e+20 4.4259100568e+20
3956.58192021 5.51424859536e+20 4.4259100568e+20
3964.84200773 5.51424859536e+20 4.4259100568e+20
3973.10209524 5.44169269279e+20 4.4259100568e+20
3981.36218276 5.44169269279e+20 4.4259100568e+20
3989.62227028 5.44169269279e+20 4.4259100568e+20
3997.88235779 5.44169269279e+20 4.4259100568e+20
4006.14244531 5.36913679022e+20 4.4259100568e+20
4014.40253283 5.36913679022e+20 4.4259100568e+20
4022.66262034 5.36913679022e+20 4.4259100568e+20
4030.92270786 5.36913679022e+20 4.4259100568e+20
4039.18279537 5.36913679022e+20 4.4259100568e+20
4047.44288289 5.44169269279e+20 4.4259100568e+20
4055.70297041 5.44169269279e+20 4.4259100568e+20
4063.96305792 5.36913679022e+20 4.4259100568e+20
4072.22314544 5.36913679022e+20 4.4259100568e+20
4080.48323295 5.36913679022e+20 4.4259100568e+20
4088.74332047 5.36913679022e+20 4.4259100568e+20
4097.00340799 5.36913679022e+20 4.4259100568e+20
4105.2634955 5.36913679022e+20 4.4259100568e+20
4113.52358302 5.36913679022e+20 4.4259100568e+20
4121.78367053 5.36913679022e+20 4.4259100568e+20
4130.04375805 5.36913679022e+20 4.4259100568e+20
4138.30384557 5.36913679022e+20 4.4259100568e+20
4146.56393308 5.51424859536e+20 4.4259100568e+20
4154.8240206 5.44169269279e+20 4.4259100568e+20
4163.08410811 5.51424859536e+20 4.4259100568e+20
4171.34419563 5.51424859536e+20 4.4259100568e+20
4179.60428315 5.51424859536e+20 4.4259100568e+20
4187.86437066 5.51424859536e+20 4.4259100568e+20
4196.12445818 5.51424859536e+20 4.4259100568e+20
4204.38454569 5.51424859536e+20 4.4259100568e+20
4212.64463321 5.51424859536e+20 4.4259100568e+20
4220.90472073 5.51424859536e+20 4.4259100568e+20
4229.16480824 5.58680449793e+20 4.4259100568e+20
4237.42489576 5.51424859536e+20 4.4259100568e+20
4245.68498328 5.51424859536e+20 4.4259100568e+20
4253.94507079 5.51424859536e+20 4.4259100568e+20
4262.20515831 5.51424859536e+20 4.4259100568e+20
4270.46524582 5.51424859536e+20 4.4259100568e+20
4278.72533334 5.44169269279e+20 4.4259100568e+20
4286.98542086 5.44169269279e+20 4.4259100568e+20
4295.24550837 5.44169269279e+20 4.4259100568e+20
4303.50559589 5.44169269279e+20 4.4259100568e+20
4311.7656834 5.44169269279e+20 4.4259100568e+20
4320.02577092 5.36913679022e+20 4.4259100568e+20
4328.28585844 5.36913679022e+20 4.4259100568e+20
4336.54594595 5.36913679022e+20 4.4259100568e+20
4344.80603347 5.36913679022e+20 4.4259100568e+20
4353.06612098 5.36913679022e+20 4.4259100568e+20
4361.3262085 5.36913679022e+20 4.4259100568e+20
4369.58629602 5.36913679022e+20 4.4259100568e+20
4377.84638353 5.36913679022e+20 4.4259100568e+20
4386.10647105 5.36913679022e+20 4.4259100568e+20
4394.36655856 5.36913679022e+20 4.4259100568e+20
4402.62664608 5.29658088765e+20 4.4259100568e+20
4410.8867336 5.29658088765e+20 4.4259100568e+20
4419.14682111 5.29658088765e+20 4.4259100568e+20
4427.40690863 5.29658088765e+20 4.4259100568e+20
4435.66699614 5.29658088765e+20 4.4259100568e+20
4443.92708366 5.22402498508e+20 4.4259100568e+20
4452.18717118 5.15146908251e+20 4.4259100568e+20
4460.44725869 5.22402498508e+20 4.4259100568e+20
4468.70734621 5.22402498508e+20 4.4259100568e+20
4476.96743372 5.22402498508e+20 4.4259100568e+20
4485.22752124 5.22402498508e+20 4.4259100568e+20
4493.48760876 5.22402498508e+20 4.4259100568e+20
4501.74769627 5.22402498508e+20 4.4259100568e+20
4510.00778379 5.22402498508e+20 4.4259100568e+20
4518.26787131 5.22402498508e+20 4.4259100568e+20
4526.52795882 5.22402498508e+20 4.4259100568e+20
4534.78804634 5.15146908251e+20 4.4259100568e+20
4543.04813385 5.22402498508e+20 4.4259100568e+20
4551.30822137 5.22402498508e+20 4.4259100568e+20
4559.56830889 5.29658088765e+20 4.4259100568e+20
4567.8283964 5.29658088765e+20 4.4259100568e+20
4576.08848392 5.22402498508e+20 4.4259100568e+20
4584.34857143 5.22402498508e+20 4.4259100568e+20
4592.60865895 5.29658088765e+20 4.4259100568e+20
4600.86874647 5.29658088765e+20 4.4259100568e+20
4609.12883398 5.29658088765e+20 4.4259100568e+20
4617.3889215 5.29658088765e+20 4.4259100568e+20
4625.64900901 5.29658088765e+20 4.4259100568e+20
4633.90909653 5.29658088765e+20 4.4259100568e+20
4642.16918405 5.29658088765e+20 4.4259100568e+20
4650.42927156 5.29658088765e+20 4.4259100568e+20
4658.68935908 5.22402498508e+20 4.4259100568e+20
4666.94944659 5.22402498508e+20 4.4259100568e+20
4675.20953411 5.22402498508e+20 4.4259100568e+20
4683.46962163 5.22402498508e+20 4.4259100568e+20
4691.72970914 5.22402498508e+20 4.4259100568e+20
4699.98979666 5.15146908251e+20 4.4259100568e+20
4708.24988417 5.15146908251e+20 4.4259100568e+20
4716.50997169 5.29658088765e+20 4.4259100568e+20
4724.77005921 5.29658088765e+20 4.4259100568e+20
4733.03014672 5.22402498508e+20 4.4259100568e+20
4741.29023424 5.22402498508e+20 4.4259100568e+20
4749.55032176 5.22402498508e+20 4.4259100568e+20
4757.81040927 5.29658088765e+20 4.4259100568e+20
4766.07049679 5.29658088765e+20 4.4259100568e+20
4774.3305843 5.29658088765e+20 4.4259100568e+20
4782.59067182 5.29658088765e+20 4.4259100568e+20
4790.85075934 5.29658088765e+20 4.4259100568e+20
4799.11084685 5.29658088765e+20 4.4259100568e+20
4807.37093437 5.29658088765e+20 4.4259100568e+20
4815.63102188 5.22402498508e+20 4.4259100568e+20
4823.8911094 5.22402498508e+20 4.4259100568e+20
4832.15119692 5.22402498508e+20 4.4259100568e+20
4840.41128443 5.22402498508e+20 4.4259100568e+20
4848.67137195 5.22402498508e+20 4.4259100568e+20
4856.93145946 5.22402498508e+20 4.4259100568e+20
4865.19154698 5.15146908251e+20 4.4259100568e+20
4873.4516345 5.15146908251e+20 4.4259100568e+20
4881.71172201 5.15146908251e+20 4.4259100568e+20
4889.97180953 5.15146908251e+20 4.4259100568e+20
4898.23189704 5.07891317993e+20 4.4259100568e+20
4906.49198456 5.00635727736e+20 4.4259100568e+20
4914.75207208 5.00635727736e+20 4.4259100568e+20
4923.01215959 5.00635727736e+20 4.4259100568e+20
4931.27224711 5.00635727736e+20 4.4259100568e+20
4939.53233463 5.00635727736e+20 4.4259100568e+20
4947.79242214 4.93380137479e+20 4.4259100568e+20
4956.05250966 4.93380137479e+20 4.4259100568e+20
4964.31259718 4.93380137479e+20 4.4259100568e+20
4972.57268469 4.93380137479e+20 4.4259100568e+20
4980.83277221 4.93380137479e+20 4.4259100568e+20
4989.09285973 4.93380137479e+20 4.4259100568e+20
4997.35294724 4.93380137479e+20 4.4259100568e+20
5005.61303476 4.93380137479e+20 4.4259100568e+20
5013.87312228 4.93380137479e+20 4.4259100568e+20
5022.13320979 4.93380137479e+20 4.4259100568e+20
5030.39329731 4.93380137479e+20 4.4259100568e+20
5038.65338483 4.93380137479e+20 4.4259100568e+20
5046.91347234 4.93380137479e+20 4.4259100568e+20
5055.17355986 4.93380137479e+20 4.4259100568e+20
5063.43364738 4.93380137479e+20 4.4259100568e+20
5071.69373489 4.93380137479e+20 4.4259100568e+20
5079.95382241 5.00635727736e+20 4.4259100568e+20
5088.21390993 5.00635727736e+20 4.4259100568e+20
5096.47399744 5.00635727736e+20 4.4259100568e+20
5104.73408496 5.00635727736e+20 4.4259100568e+20
5112.99417248 5.00635727736e+20 4.4259100568e+20
5121.25425999 5.00635727736e+20 4.4259100568e+20
5129.51434751 5.00635727736e+20 4.4259100568e+20
5137.77443503 5.00635727736e+20 4.4259100568e+20
5146.03452254 5.00635727736e+20 4.4259100568e+20
5154.29461006 5.00635727736e+20 4.4259100568e+20
5162.55469758 5.00635727736e+20 4.4259100568e+20
5170.81478509 5.00635727736e+20 4.4259100568e+20
5179.07487261 5.00635727736e+20 4.4259100568e+20
5187.33496013 5.00635727736e+20 4.4259100568e+20
5195.59504764 5.00635727736e+20 4.4259100568e+20
5203.85513516 5.00635727736e+20 4.4259100568e+20
5212.11522268 5.00635727736e+20 4.4259100568e+20
5220.37531019 5.00635727736e+20 4.4259100568e+20
5228.63539771 5.00635727736e+20 4.4259100568e+20
5236.89548523 5.00635727736e+20 4.4259100568e+20
5245.15557274 5.00635727736e+20 4.4259100568e+20
5253.41566026 5.00635727736e+20 4.4259100568e+20
5261.67574777 5.00635727736e+20 4.4259100568e+20
5269.93583529 5.00635727736e+20 4.4259100568e+20
5278.19592281 4.93380137479e+20 4.4259100568e+20
5286.45601032 4.93380137479e+20 4.4259100568e+20
5294.71609784 4.93380137479e+20 4.4259100568e+20
5302.97618536 4.93380137479e+20 4.4259100568e+20
5311.23627287 4.93380137479e+20 4.4259100568e+20
5319.49636039 4.93380137479e+20 4.4259100568e+20
5327.75644791 4.93380137479e+20 4.4259100568e+20
5336.01653542 4.86124547222e+20 4.4259100568e+20
5344.27662294 4.86124547222e+20 4.4259100568e+20
5352.53671046 4.86124547222e+20 4.4259100568e+20
5360.79679797 4.86124547222e+20 4.4259100568e+20
5369.05688549 4.86124547222e+20 4.4259100568e+20
5377.31697301 4.86124547222e+20 4.4259100568e+20
5385.57706052 4.78868956965e+20 4.4259100568e+20
5393.83714804 4.78868956965e+20 4.4259100568e+20
5402.09723556 4.78868956965e+20 4.4259100568e+20
5410.35732307 4.78868956965e+20 4.4259100568e+20
5418.61741059 4.78868956965e+20 4.4259100568e+20
5426.87749811 4.78868956965e+20 4.4259100568e+20
5435.13758562 4.78868956965e+20 4.4259100568e+20
5443.39767314 4.78868956965e+20 4.4259100568e+20
5451.65776066 4.78868956965e+20 4.4259100568e+20
5459.91784817 4.78868956965e+20 4.4259100568e+20
5468.17793569 4.78868956965e+20 4.4259100568e+20
5476.43802321 4.78868956965e+20 4.4259100568e+20
5484.69811072 4.78868956965e+20 4.4259100568e+20
5492.95819824 4.78868956965e+20 4.4259100568e+20
5501.21828576 4.86124547222e+20 4.4259100568e+20
5509.47837327 4.86124547222e+20 4.4259100568e+20
5517.73846079 4.86124547222e+20 4.4259100568e+20
5525.99854831 4.86124547222e+20 4.4259100568e+20
5534.25863582 4.86124547222e+20 4.4259100568e+20
5542.51872334 4.86124547222e+20 4.4259100568e+20
5550.77881086 4.86124547222e+20 4.4259100568e+20
5559.03889837 4.86124547222e+20 4.4259100568e+20
5567.29898589 4.86124547222e+20 4.4259100568e+20
5575.55907341 4.78868956965e+20 4.4259100568e+20
5583.81916092 4.78868956965e+20 4.4259100568e+20
5592.07924844 4.78868956965e+20 4.4259100568e+20
5600.33933596 4.78868956965e+20 4.4259100568e+20
5608.59942347 4.78868956965e+20 4.4259100568e+20
5616.85951099 4.78868956965e+20 4.4259100568e+20
5625.11959851 4.78868956965e+20 4.4259100568e+20
5633.37968602 4.86124547222e+20 4.4259100568e+20
5641.63977354 4.86124547222e+20 4.4259100568e+20
5649.89986106 4.86124547222e+20 4.4259100568e+20
5658.15994857 4.86124547222e+20 4.4259100568e+20
5666.42003609 4.86124547222e+20 4.4259100568e+20
5674.68012361 4.86124547222e+20 4.4259100568e+20
5682.94021112 4.86124547222e+20 4.4259100568e+20
5691.20029864 4.86124547222e+20 4.4259100568e+20
5699.46038616 4.78868956965e+20 4.4259100568e+20
5707.72047367 4.78868956965e+20 4.4259100568e+20
5715.98056119 4.78868956965e+20 4.4259100568e+20
5724.24064871 4.78868956965e+20 4.4259100568e+20
5732.50073622 4.78868956965e+20 4.4259100568e+20
5740.76082374 4.71613366708e+20 4.4259100568e+20
5749.02091126 4.64357776451e+20 4.4259100568e+20
5757.28099877 4.64357776451e+20 4.4259100568e+20
5765.54108629 4.64357776451e+20 4.4259100568e+20
5773.8011738 4.64357776451e+20 4.4259100568e+20
5782.06126132 4.64357776451e+20 4.4259100568e+20
5790.32134884 4.57102186194e+20 4.4259100568e+20
5798.58143635 4.57102186194e+20 4.4259100568e+20
5806.84152387 4.57102186194e+20 4.4259100568e+20
5815.10161139 4.57102186194e+20 4.4259100568e+20
5823.3616989 4.4259100568e+20 4.4259100568e+20
5831.62178642 4.4259100568e+20 4.4259100568e+20
5839.88187394 4.49846595937e+20 4.4259100568e+20
5848.14196145 4.57102186194e+20 4.4259100568e+20
5856.40204897 4.57102186194e+20 4.4259100568e+20
5864.66213649 4.57102186194e+20 4.4259100568e+20
5872.922224 4.64357776451e+20 4.4259100568e+20
5881.18231152 4.64357776451e+20 4.4259100568e+20
5889.44239904 4.57102186194e+20 4.4259100568e+20
5897.70248655 4.57102186194e+20 4.4259100568e+20
5905.96257407 4.57102186194e+20 4.4259100568e+20
5914.22266159 4.57102186194e+20 4.4259100568e+20
5922.4827491 4.57102186194e+20 4.4259100568e+20
5930.74283662 4.57102186194e+20 4.4259100568e+20
5939.00292414 4.57102186194e+20 4.4259100568e+20
5947.26301165 4.57102186194e+20 4.4259100568e+20
5955.52309917 4.57102186194e+20 4.4259100568e+20
5963.78318669 4.57102186194e+20 4.4259100568e+20
5972.0432742 4.57102186194e+20 4.4259100568e+20
5980.30336172 4.57102186194e+20 4.4259100568e+20
5988.56344924 4.64357776451e+20 4.4259100568e+20
5996.82353675 4.64357776451e+20 4.4259100568e+20
6005.08362427 4.64357776451e+20 4.4259100568e+20
6013.34371179 4.64357776451e+20 4.4259100568e+20
6021.6037993 4.64357776451e+20 4.4259100568e+20
6029.86388682 4.64357776451e+20 4.4259100568e+20
6038.12397434 4.64357776451e+20 4.4259100568e+20
6046.38406185 4.64357776451e+20 4.4259100568e+20
