0.0 0.0 3.38836065004e+21 0.0 0 467 0
8.26008751617 0.0 3.38836065004e+21 0.0 0 467 0
16.5201750323 0.0 3.38836065004e+21 0.0 0 467 0
24.7802625485 0.0 3.38836065004e+21 0.0 0 467 0
33.0403500647 0.0 3.38836065004e+21 0.0 0 467 0
41.3004375808 0.0 3.38836065004e+21 0.0 0 467 0
49.560525097 0.0 3.38836065004e+21 0.0 0 467 0
57.8206126132 0.0 3.38836065004e+21 0.0 0 467 0
66.0807001293 0.0 3.38836065004e+21 0.0 0 467 0
74.3407876455 0.0 3.38836065004e+21 0.0 0 467 0
82.6008751617 0.0 3.38836065004e+21 0.0 0 467 0
90.8609626779 0.0 3.38836065004e+21 0.0 0 467 0
99.121050194 0.0 3.38836065004e+21 0.0 0 467 0
107.38113771 0.0 3.38836065004e+21 0.0 0 467 0
115.641225226 0.0 3.38836065004e+21 0.0 0 467 0
123.901312743 0.0 3.38836065004e+21 0.0 0 467 0
132.161400259 0.0 3.38836065004e+21 0.0 0 467 0
140.421487775 0.0 3.38836065004e+21 0.0 0 467 0
148.681575291 0.0 3.38836065004e+21 0.0 0 467 0
156.941662807 0.0 3.38836065004e+21 0.0 0 467 0
165.201750323 0.0 3.38836065004e+21 0.0 0 467 0
173.46183784 0.0 3.38836065004e+21 0.0 0 467 0
181.721925356 0.0 3.38836065004e+21 0.0 0 467 0
189.982012872 0.0 3.38836065004e+21 0.0 0 467 0
198.242100388 0.0 3.38836065004e+21 0.0 0 467 0
206.502187904 0.0 3.38836065004e+21 0.0 0 467 0
214.76227542 0.0 3.38836065004e+21 0.0 0 467 0
223.022362937 0.0 3.38836065004e+21 0.0 0 467 0
231.282450453 0.0 3.38836065004e+21 0.0 0 467 0
239.542537969 0.0 3.38836065004e+21 0.0 0 467 0
247.802625485 0.0 3.38836065004e+21 0.0 0 467 0
256.062713001 0.0 3.38836065004e+21 0.0 0 467 0
264.322800517 0.0 3.38836065004e+21 0.0 0 467 0
272.582888034 0.0 3.38836065004e+21 0.0 0 467 0
280.84297555 0.0 3.38836065004e+21 0.0 0 467 0
289.103063066 0.0 3.38836065004e+21 0.0 0 467 0
297.363150582 0.0 3.38836065004e+21 0.0 0 467 0
305.623238098 3.99057464138e+20 2.97479200539e+21 0.0 55 410 0
313.883325614 4.57102186194e+20 2.90949169308e+21 0.0 63 401 0
322.143413131 4.57102186194e+20 2.87321374179e+21 0.0 63 396 0
330.403500647 4.71613366708e+20 2.82968020025e+21 0.0 65 390 0
338.663588163 4.86124547222e+20 2.78614665871e+21 0.0 67 384 0
346.923675679 5.00635727736e+20 2.75712429768e+21 0.0 69 380 0
355.183763195 5.00635727736e+20 2.68456839511e+21 0.0 69 370 0
363.443850711 5.36913679022e+20 2.61201249254e+21 0.0 74 360 0
371.703938227 5.6593604005e+20 2.55396777048e+21 0.0 78 352 0
379.964025743 6.3849194262e+20 2.43062273611e+21 0.0 88 335 0
388.22411326 6.8928107442e+20 2.27099975046e+21 0.0 95 313 0
396.484200776 7.40070206219e+20 2.2129550284e+21 0.0 102 305 0
404.744288292 7.76348157504e+20 2.15491030634e+21 0.0 107 297 0
413.004375808 8.19881699047e+20 2.05333204275e+21 0.0 113 283 0
421.264463324 8.34392879561e+20 1.98077614017e+21 0.0 115 273 0
429.52455084 8.48904060075e+20 1.95175377915e+21 0.0 117 269 0
437.784638356 8.63415240589e+20 1.89370905709e+21 0.0 119 261 0
446.044725873 8.70670830846e+20 1.86468669606e+21 0.0 120 257 0
454.304813389 8.92437601617e+20 1.82115315452e+21 0.0 123 251 0
462.564900905 8.99693191874e+20 1.79213079349e+21 0.0 124 247 0
470.824988421 9.14204372388e+20 1.76310843246e+21 0.0 126 243 0
479.085075937 9.28715552902e+20 1.74134166169e+21 0.0 128 240 0
487.345163453 9.57737913931e+20 1.67604134938e+21 0.0 132 231 0
495.605250969 9.72249094445e+20 1.66878575912e+21 0.0 134 230 0
503.865338486 9.57737913931e+20 1.65427457861e+21 0.0 132 228 0
512.125426002 9.57737913931e+20 1.63976339809e+21 0.0 132 226 0
520.385513518 9.57737913931e+20 1.63250780784e+21 0.0 132 225 0
528.645601034 9.72249094445e+20 1.60348544681e+21 0.0 134 221 0
536.90568855 9.79504684702e+20 1.58897426629e+21 0.0 135 219 0
545.165776066 9.94015865216e+20 1.57446308578e+21 0.0 137 217 0
553.425863582 1.00127145547e+21 1.55269631501e+21 0.0 138 214 0
561.685951098 1.01578263599e+21 1.53818513449e+21 0.0 140 212 0
569.946038615 9.94015865216e+20 1.55269631501e+21 0.0 137 214 0
578.206126131 1.0302938165e+21 1.53092954424e+21 0.0 142 211 0
586.466213647 1.0302938165e+21 1.52367395398e+21 0.0 142 210 0
594.726301163 1.03754940676e+21 1.51641836372e+21 0.0 143 209 0
602.986388679 1.03754940676e+21 1.50190718321e+21 0.0 143 207 0
611.246476195 1.05931617753e+21 1.49465159295e+21 0.0 146 206 0
619.506563711 1.07382735804e+21 1.49465159295e+21 0.0 148 206 0
627.766651228 1.08833853856e+21 1.50190718321e+21 0.0 150 207 0
636.026738744 1.07382735804e+21 1.4873960027e+21 0.0 148 205 0
644.28682626 1.05931617753e+21 1.4873960027e+21 0.0 146 205 0
652.546913776 1.06657176779e+21 1.4873960027e+21 0.0 147 205 0
660.807001292 1.06657176779e+21 1.4873960027e+21 0.0 147 205 0
669.067088809 1.06657176779e+21 1.4873960027e+21 0.0 147 205 0
677.327176325 1.0810829483e+21 1.48014041244e+21 0.0 149 204 0
685.587263841 1.06657176779e+21 1.48014041244e+21 0.0 147 204 0
693.847351357 1.07382735804e+21 1.47288482218e+21 0.0 148 203 0
702.107438874 1.07382735804e+21 1.45837364167e+21 0.0 148 201 0
710.36752639 1.05206058727e+21 1.47288482218e+21 0.0 145 203 0
718.627613906 1.05206058727e+21 1.47288482218e+21 0.0 145 203 0
726.887701422 1.07382735804e+21 1.45837364167e+21 0.0 148 201 0
735.147788938 1.06657176779e+21 1.45111805141e+21 0.0 147 200 0
743.407876455 1.07382735804e+21 1.4366068709e+21 0.0 148 198 0
751.667963971 1.08833853856e+21 1.4366068709e+21 0.0 150 198 0
759.928051487 1.09559412881e+21 1.4366068709e+21 0.0 151 198 0
768.188139003 1.10284971907e+21 1.4366068709e+21 0.0 152 198 0
776.448226519 1.10284971907e+21 1.44386246115e+21 0.0 152 199 0
784.708314036 1.09559412881e+21 1.44386246115e+21 0.0 151 199 0
792.968401552 1.10284971907e+21 1.44386246115e+21 0.0 152 199 0
801.228489068 1.10284971907e+21 1.44386246115e+21 0.0 152 199 0
809.488576584 1.09559412881e+21 1.45111805141e+21 0.0 151 200 0
817.7486641 1.09559412881e+21 1.45111805141e+21 0.0 151 200 0
826.008751617 1.09559412881e+21 1.45111805141e+21 0.0 151 200 0
834.268839133 1.08833853856e+21 1.45837364167e+21 0.0 150 201 0
842.528926649 1.07382735804e+21 1.45837364167e+21 0.0 148 201 0
850.789014165 1.0810829483e+21 1.45837364167e+21 0.0 149 201 0
859.049101681 1.0810829483e+21 1.45837364167e+21 0.0 149 201 0
867.309189198 1.10284971907e+21 1.45837364167e+21 0.0 152 201 0
875.569276714 1.08833853856e+21 1.45837364167e+21 0.0 150 201 0
883.82936423 1.12461648984e+21 1.45111805141e+21 0.0 155 200 0
892.089451746 1.11736089959e+21 1.45111805141e+21 0.0 154 200 0
900.349539262 1.11736089959e+21 1.45111805141e+21 0.0 154 200 0
908.609626779 1.11010530933e+21 1.45111805141e+21 0.0 153 200 0
916.869714295 1.09559412881e+21 1.45111805141e+21 0.0 151 200 0
925.129801811 1.09559412881e+21 1.45111805141e+21 0.0 151 200 0
933.389889327 1.08833853856e+21 1.45111805141e+21 0.0 150 200 0
941.649976843 1.0810829483e+21 1.45111805141e+21 0.0 149 200 0
949.91006436 1.06657176779e+21 1.45111805141e+21 0.0 147 200 0
958.170151876 1.03754940676e+21 1.45837364167e+21 0.0 143 201 0
966.430239392 1.0302938165e+21 1.45837364167e+21 0.0 142 201 0
974.690326908 1.01578263599e+21 1.45837364167e+21 0.0 140 201 0
982.950414424 1.00127145547e+21 1.45837364167e+21 0.0 138 201 0
991.210501941 1.00127145547e+21 1.45837364167e+21 0.0 138 201 0
999.470589457 1.00127145547e+21 1.45837364167e+21 0.0 138 201 0
1007.73067697 1.00127145547e+21 1.45837364167e+21 0.0 138 201 0
1015.99076449 1.0302938165e+21 1.45837364167e+21 0.0 142 201 0
1024.25085201 1.02303822624e+21 1.45837364167e+21 0.0 141 201 0
1032.51093952 1.02303822624e+21 1.45837364167e+21 0.0 141 201 0
1040.77102704 1.02303822624e+21 1.46562923192e+21 0.0 141 202 0
1049.03111455 1.0302938165e+21 1.46562923192e+21 0.0 142 202 0
1057.29120207 1.0302938165e+21 1.46562923192e+21 0.0 142 202 0
1065.55128959 1.0302938165e+21 1.46562923192e+21 0.0 142 202 0
1073.8113771 1.02303822624e+21 1.46562923192e+21 0.0 141 202 0
1082.07146462 1.0302938165e+21 1.46562923192e+21 0.0 142 202 0
1090.33155214 1.03754940676e+21 1.46562923192e+21 0.0 143 202 0
1098.59163965 1.0302938165e+21 1.46562923192e+21 0.0 142 202 0
1106.85172717 1.02303822624e+21 1.46562923192e+21 0.0 141 202 0
1115.11181468 1.00852704573e+21 1.46562923192e+21 0.0 139 202 0
1123.3719022 1.00127145547e+21 1.46562923192e+21 0.0 138 202 0
1131.63198972 1.01578263599e+21 1.46562923192e+21 0.0 140 202 0
1139.89207723 1.00852704573e+21 1.46562923192e+21 0.0 139 202 0
1148.15216475 1.00852704573e+21 1.46562923192e+21 0.0 139 202 0
1156.41225226 1.01578263599e+21 1.46562923192e+21 0.0 140 202 0
1164.67233978 1.02303822624e+21 1.46562923192e+21 0.0 141 202 0
1172.9324273 1.0302938165e+21 1.46562923192e+21 0.0 142 202 0
1181.19251481 1.03754940676e+21 1.46562923192e+21 0.0 143 202 0
1189.45260233 1.00852704573e+21 1.46562923192e+21 0.0 139 202 0
1197.71268985 1.00852704573e+21 1.46562923192e+21 0.0 139 202 0
1205.97277736 1.00127145547e+21 1.46562923192e+21 0.0 138 202 0
1214.23286488 1.00127145547e+21 1.46562923192e+21 0.0 138 202 0
1222.49295239 9.94015865216e+20 1.46562923192e+21 0.0 137 202 0
1230.75303991 9.94015865216e+20 1.46562923192e+21 0.0 137 202 0
1239.01312743 9.94015865216e+20 1.46562923192e+21 0.0 137 202 0
1247.27321494 9.79504684702e+20 1.46562923192e+21 0.0 135 202 0
1255.53330246 9.86760274959e+20 1.46562923192e+21 0.0 136 202 0
1263.79338997 9.79504684702e+20 1.46562923192e+21 0.0 135 202 0
1272.05347749 9.86760274959e+20 1.46562923192e+21 0.0 136 202 0
1280.31356501 9.86760274959e+20 1.46562923192e+21 0.0 136 202 0
1288.57365252 9.79504684702e+20 1.46562923192e+21 0.0 135 202 0
1296.83374004 9.79504684702e+20 1.46562923192e+21 0.0 135 202 0
1305.09382756 9.64993504188e+20 1.46562923192e+21 0.0 133 202 0
1313.35391507 9.64993504188e+20 1.46562923192e+21 0.0 133 202 0
1321.61400259 9.64993504188e+20 1.46562923192e+21 0.0 133 202 0
1329.8740901 9.50482323673e+20 1.46562923192e+21 0.0 131 202 0
1338.13417762 9.50482323673e+20 1.46562923192e+21 0.0 131 202 0
1346.39426514 9.35971143159e+20 1.46562923192e+21 0.0 129 202 0
1354.65435265 9.35971143159e+20 1.46562923192e+21 0.0 129 202 0
1362.91444017 9.35971143159e+20 1.46562923192e+21 0.0 129 202 0
1371.17452768 9.28715552902e+20 1.46562923192e+21 0.0 128 202 0
1379.4346152 9.35971143159e+20 1.46562923192e+21 0.0 129 202 0
1387.69470272 9.35971143159e+20 1.46562923192e+21 0.0 129 202 0
1395.95479023 9.28715552902e+20 1.46562923192e+21 0.0 128 202 0
1404.21487775 9.14204372388e+20 1.46562923192e+21 0.0 126 202 0
1412.47496526 8.99693191874e+20 1.46562923192e+21 0.0 124 202 0
1420.73505278 8.92437601617e+20 1.46562923192e+21 0.0 123 202 0
1428.9951403 8.92437601617e+20 1.46562923192e+21 0.0 123 202 0
1437.25522781 9.06948782131e+20 1.46562923192e+21 0.0 125 202 0
1445.51531533 8.99693191874e+20 1.46562923192e+21 0.0 124 202 0
1453.77540284 8.92437601617e+20 1.46562923192e+21 0.0 123 202 0
1462.03549036 8.99693191874e+20 1.46562923192e+21 0.0 124 202 0
1470.29557788 8.92437601617e+20 1.46562923192e+21 0.0 123 202 0
1478.55566539 8.8518201136e+20 1.46562923192e+21 0.0 122 202 0
1486.81575291 8.8518201136e+20 1.46562923192e+21 0.0 122 202 0
1495.07584042 8.70670830846e+20 1.46562923192e+21 0.0 120 202 0
1503.33592794 8.70670830846e+20 1.46562923192e+21 0.0 120 202 0
1511.59601546 8.70670830846e+20 1.46562923192e+21 0.0 120 202 0
1519.85610297 8.63415240589e+20 1.46562923192e+21 0.0 119 202 0
1528.11619049 8.70670830846e+20 1.46562923192e+21 0.0 120 202 0
1536.376278 8.70670830846e+20 1.46562923192e+21 0.0 120 202 0
1544.63636552 8.63415240589e+20 1.46562923192e+21 0.0 119 202 0
1552.89645304 8.56159650332e+20 1.46562923192e+21 0.0 118 202 0
1561.15654055 8.48904060075e+20 1.46562923192e+21 0.0 117 202 0
1569.41662807 8.56159650332e+20 1.46562923192e+21 0.0 118 202 0
1577.67671559 8.56159650332e+20 1.46562923192e+21 0.0 118 202 0
1585.9368031 8.56159650332e+20 1.46562923192e+21 0.0 118 202 0
1594.19689062 8.41648469818e+20 1.46562923192e+21 0.0 116 202 0
1602.45697813 8.41648469818e+20 1.46562923192e+21 0.0 116 202 0
1610.71706565 8.41648469818e+20 1.46562923192e+21 0.0 116 202 0
1618.97715317 8.34392879561e+20 1.46562923192e+21 0.0 115 202 0
1627.23724068 8.34392879561e+20 1.46562923192e+21 0.0 115 202 0
1635.4973282 8.41648469818e+20 1.46562923192e+21 0.0 116 202 0
1643.75741571 8.41648469818e+20 1.46562923192e+21 0.0 116 202 0
1652.01750323 8.48904060075e+20 1.46562923192e+21 0.0 117 202 0
1660.27759075 8.48904060075e+20 1.46562923192e+21 0.0 117 202 0
1668.53767826 8.41648469818e+20 1.46562923192e+21 0.0 116 202 0
1676.79776578 8.48904060075e+20 1.46562923192e+21 0.0 117 202 0
1685.05785329 8.41648469818e+20 1.46562923192e+21 0.0 116 202 0
1693.31794081 8.41648469818e+20 1.46562923192e+21 0.0 116 202 0
1701.57802833 8.41648469818e+20 1.46562923192e+21 0.0 116 202 0
1709.83811584 8.41648469818e+20 1.46562923192e+21 0.0 116 202 0
1718.09820336 8.41648469818e+20 1.46562923192e+21 0.0 116 202 0
1726.35829087 8.34392879561e+20 1.46562923192e+21 0.0 115 202 0
1734.61837839 8.27137289304e+20 1.46562923192e+21 0.0 114 202 0
1742.87846591 8.27137289304e+20 1.46562923192e+21 0.0 114 202 0
1751.13855342 8.27137289304e+20 1.46562923192e+21 0.0 114 202 0
1759.39864094 8.27137289304e+20 1.46562923192e+21 0.0 114 202 0
1767.65872845 8.1262610879e+20 1.46562923192e+21 0.0 112 202 0
1775.91881597 8.1262610879e+20 1.46562923192e+21 0.0 112 202 0
1784.17890349 8.05370518533e+20 1.46562923192e+21 0.0 111 202 0
1792.438991 7.90859338018e+20 1.46562923192e+21 0.0 109 202 0
1800.69907852 7.98114928275e+20 1.46562923192e+21 0.0 110 202 0
1808.95916604 7.98114928275e+20 1.46562923192e+21 0.0 110 202 0
1817.21925355 7.98114928275e+20 1.46562923192e+21 0.0 110 202 0
1825.47934107 7.90859338018e+20 1.46562923192e+21 0.0 109 202 0
1833.73942858 7.90859338018e+20 1.46562923192e+21 0.0 109 202 0
1841.9995161 7.83603747761e+20 1.46562923192e+21 0.0 108 202 0
1850.25960362 7.83603747761e+20 1.46562923192e+21 0.0 108 202 0
1858.51969113 7.83603747761e+20 1.46562923192e+21 0.0 108 202 0
1866.77977865 7.69092567247e+20 1.46562923192e+21 0.0 106 202 0
1875.03986616 7.6183697699e+20 1.46562923192e+21 0.0 105 202 0
1883.29995368 7.6183697699e+20 1.46562923192e+21 0.0 105 202 0
1891.5600412 7.54581386733e+20 1.46562923192e+21 0.0 104 202 0
1899.82012871 7.6183697699e+20 1.46562923192e+21 0.0 105 202 0
1908.08021623 7.6183697699e+20 1.46562923192e+21 0.0 105 202 0
1916.34030374 7.6183697699e+20 1.46562923192e+21 0.0 105 202 0
1924.60039126 7.54581386733e+20 1.46562923192e+21 0.0 104 202 0
1932.86047878 7.47325796476e+20 1.46562923192e+21 0.0 103 202 0
1941.12056629 7.40070206219e+20 1.46562923192e+21 0.0 102 202 0
1949.38065381 7.47325796476e+20 1.46562923192e+21 0.0 103 202 0
1957.64074132 7.47325796476e+20 1.46562923192e+21 0.0 103 202 0
1965.90082884 7.47325796476e+20 1.46562923192e+21 0.0 103 202 0
1974.16091636 7.40070206219e+20 1.46562923192e+21 0.0 102 202 0
1982.42100387 7.40070206219e+20 1.46562923192e+21 0.0 102 202 0
1990.68109139 7.40070206219e+20 1.46562923192e+21 0.0 102 202 0
1998.9411789 7.40070206219e+20 1.46562923192e+21 0.0 102 202 0
2007.20126642 7.40070206219e+20 1.46562923192e+21 0.0 102 202 0
2015.46135394 7.32814615962e+20 1.46562923192e+21 0.0 101 202 0
2023.72144145 7.40070206219e+20 1.46562923192e+21 0.0 102 202 0
2031.98152897 7.40070206219e+20 1.46562923192e+21 0.0 102 202 0
2040.24161649 7.40070206219e+20 1.46562923192e+21 0.0 102 202 0
2048.501704 7.32814615962e+20 1.46562923192e+21 0.0 101 202 0
2056.76179152 7.25559025705e+20 1.46562923192e+21 0.0 100 202 0
2065.02187903 7.18303435448e+20 1.46562923192e+21 0.0 99 202 0
2073.28196655 7.11047845191e+20 1.46562923192e+21 0.0 98 202 0
2081.54205407 6.96536664677e+20 1.46562923192e+21 0.0 96 202 0
2089.80214158 6.8928107442e+20 1.46562923192e+21 0.0 95 202 0
2098.0622291 6.82025484163e+20 1.46562923192e+21 0.0 94 202 0
2106.32231661 6.8928107442e+20 1.46562923192e+21 0.0 95 202 0
2114.58240413 6.8928107442e+20 1.46562923192e+21 0.0 95 202 0
2122.84249165 6.96536664677e+20 1.46562923192e+21 0.0 96 202 0
2131.10257916 6.96536664677e+20 1.46562923192e+21 0.0 96 202 0
2139.36266668 6.96536664677e+20 1.46562923192e+21 0.0 96 202 0
2147.62275419 7.11047845191e+20 1.46562923192e+21 0.0 98 202 0
2155.88284171 7.11047845191e+20 1.46562923192e+21 0.0 98 202 0
2164.14292923 7.11047845191e+20 1.46562923192e+21 0.0 98 202 0
2172.40301674 7.11047845191e+20 1.46562923192e+21 0.0 98 202 0
2180.66310426 7.11047845191e+20 1.46562923192e+21 0.0 98 202 0
2188.92319177 7.11047845191e+20 1.46562923192e+21 0.0 98 202 0
2197.18327929 7.11047845191e+20 1.46562923192e+21 0.0 98 202 0
2205.44336681 7.11047845191e+20 1.46562923192e+21 0.0 98 202 0
2213.70345432 7.11047845191e+20 1.46562923192e+21 0.0 98 202 0
2221.96354184 7.11047845191e+20 1.46562923192e+21 0.0 98 202 0
2230.22362935 7.11047845191e+20 1.46562923192e+21 0.0 98 202 0
2238.48371687 6.96536664677e+20 1.46562923192e+21 0.0 96 202 0
2246.74380439 6.8928107442e+20 1.46562923192e+21 0.0 95 202 0
2255.0038919 6.8928107442e+20 1.46562923192e+21 0.0 95 202 0
2263.26397942 6.8928107442e+20 1.46562923192e+21 0.0 95 202 0
2271.52406693 6.82025484163e+20 1.46562923192e+21 0.0 94 202 0
2279.78415445 6.67514303649e+20 1.46562923192e+21 0.0 92 202 0
2288.04424197 6.67514303649e+20 1.46562923192e+21 0.0 92 202 0
2296.30432948 6.60258713392e+20 1.46562923192e+21 0.0 91 202 0
2304.564417 6.53003123134e+20 1.46562923192e+21 0.0 90 202 0
2312.82450452 6.45747532877e+20 1.46562923192e+21 0.0 89 202 0
2321.08459203 6.45747532877e+20 1.46562923192e+21 0.0 89 202 0
2329.34467955 6.45747532877e+20 1.46562923192e+21 0.0 89 202 0
2337.60476706 6.53003123134e+20 1.46562923192e+21 0.0 90 202 0
2345.86485458 6.53003123134e+20 1.46562923192e+21 0.0 90 202 0
2354.1249421 6.53003123134e+20 1.46562923192e+21 0.0 90 202 0
2362.38502961 6.53003123134e+20 1.46562923192e+21 0.0 90 202 0
2370.64511713 6.60258713392e+20 1.46562923192e+21 0.0 91 202 0
2378.90520464 6.53003123134e+20 1.46562923192e+21 0.0 90 202 0
2387.16529216 6.53003123134e+20 1.46562923192e+21 0.0 90 202 0
2395.42537968 6.53003123134e+20 1.46562923192e+21 0.0 90 202 0
2403.68546719 6.53003123134e+20 1.46562923192e+21 0.0 90 202 0
2411.94555471 6.53003123134e+20 1.46562923192e+21 0.0 90 202 0
2420.20564222 6.60258713392e+20 1.46562923192e+21 0.0 91 202 0
2428.46572974 6.74769893906e+20 1.46562923192e+21 0.0 93 202 0
2436.72581726 6.74769893906e+20 1.46562923192e+21 0.0 93 202 0
2444.98590477 6.82025484163e+20 1.46562923192e+21 0.0 94 202 0
2453.24599229 6.82025484163e+20 1.46562923192e+21 0.0 94 202 0
2461.5060798 6.82025484163e+20 1.46562923192e+21 0.0 94 202 0
2469.76616732 6.82025484163e+20 1.46562923192e+21 0.0 94 202 0
2478.02625484 6.8928107442e+20 1.46562923192e+21 0.0 95 202 0
2486.28634235 6.82025484163e+20 1.46562923192e+21 0.0 94 202 0
2494.54642987 6.74769893906e+20 1.46562923192e+21 0.0 93 202 0
2502.80651738 6.74769893906e+20 1.46562923192e+21 0.0 93 202 0
2511.0666049 6.82025484163e+20 1.46562923192e+21 0.0 94 202 0
2519.32669242 6.82025484163e+20 1.46562923192e+21 0.0 94 202 0
2527.58677993 6.82025484163e+20 1.46562923192e+21 0.0 94 202 0
2535.84686745 6.82025484163e+20 1.46562923192e+21 0.0 94 202 0
2544.10695497 6.74769893906e+20 1.46562923192e+21 0.0 93 202 0
2552.36704248 6.67514303649e+20 1.46562923192e+21 0.0 92 202 0
2560.62713 6.60258713392e+20 1.46562923192e+21 0.0 91 202 0
2568.88721751 6.60258713392e+20 1.46562923192e+21 0.0 91 202 0
2577.14730503 6.31236352363e+20 1.46562923192e+21 0.0 87 202 0
2585.40739255 6.23980762106e+20 1.46562923192e+21 0.0 86 202 0
2593.66748006 6.23980762106e+20 1.46562923192e+21 0.0 86 202 0
2601.92756758 6.23980762106e+20 1.46562923192e+21 0.0 86 202 0
2610.18765509 6.23980762106e+20 1.46562923192e+21 0.0 86 202 0
2618.44774261 6.31236352363e+20 1.46562923192e+21 0.0 87 202 0
2626.70783013 6.31236352363e+20 1.46562923192e+21 0.0 87 202 0
2634.96791764 6.31236352363e+20 1.46562923192e+21 0.0 87 202 0
2643.22800516 6.31236352363e+20 1.46562923192e+21 0.0 87 202 0
2651.48809267 6.31236352363e+20 1.46562923192e+21 0.0 87 202 0
2659.74818019 6.31236352363e+20 1.46562923192e+21 0.0 87 202 0
2668.00826771 6.31236352363e+20 1.46562923192e+21 0.0 87 202 0
2676.26835522 6.31236352363e+20 1.46562923192e+21 0.0 87 202 0
2684.52844274 6.31236352363e+20 1.46562923192e+21 0.0 87 202 0
2692.78853025 6.31236352363e+20 1.46562923192e+21 0.0 87 202 0
2701.04861777 6.31236352363e+20 1.46562923192e+21 0.0 87 202 0
2709.30870529 6.31236352363e+20 1.46562923192e+21 0.0 87 202 0
2717.5687928 6.31236352363e+20 1.46562923192e+21 0.0 87 202 0
2725.82888032 6.31236352363e+20 1.46562923192e+21 0.0 87 202 0
2734.08896783 6.31236352363e+20 1.46562923192e+21 0.0 87 202 0
2742.34905535 6.23980762106e+20 1.46562923192e+21 0.0 86 202 0
2750.60914287 6.16725171849e+20 1.46562923192e+21 0.0 85 202 0
2758.86923038 6.16725171849e+20 1.46562923192e+21 0.0 85 202 0
2767.1293179 6.16725171849e+20 1.46562923192e+21 0.0 85 202 0
2775.38940542 6.23980762106e+20 1.46562923192e+21 0.0 86 202 0
2783.64949293 6.23980762106e+20 1.46562923192e+21 0.0 86 202 0
2791.90958045 6.16725171849e+20 1.46562923192e+21 0.0 85 202 0
2800.16966796 6.16725171849e+20 1.46562923192e+21 0.0 85 202 0
2808.42975548 6.16725171849e+20 1.46562923192e+21 0.0 85 202 0
2816.689843 6.16725171849e+20 1.46562923192e+21 0.0 85 202 0
2824.94993051 6.16725171849e+20 1.46562923192e+21 0.0 85 202 0
2833.21001803 6.09469581592e+20 1.46562923192e+21 0.0 84 202 0
2841.47010554 6.02213991335e+20 1.46562923192e+21 0.0 83 202 0
2849.73019306 6.02213991335e+20 1.46562923192e+21 0.0 83 202 0
2857.99028058 6.02213991335e+20 1.46562923192e+21 0.0 83 202 0
2866.25036809 6.09469581592e+20 1.46562923192e+21 0.0 84 202 0
2874.51045561 6.09469581592e+20 1.46562923192e+21 0.0 84 202 0
2882.77054312 6.02213991335e+20 1.46562923192e+21 0.0 83 202 0
2891.03063064 6.02213991335e+20 1.46562923192e+21 0.0 83 202 0
2899.29071816 6.02213991335e+20 1.46562923192e+21 0.0 83 202 0
2907.55080567 6.02213991335e+20 1.46562923192e+21 0.0 83 202 0
2915.81089319 6.02213991335e+20 1.46562923192e+21 0.0 83 202 0
2924.0709807 5.94958401078e+20 1.46562923192e+21 0.0 82 202 0
2932.33106822 5.94958401078e+20 1.46562923192e+21 0.0 82 202 0
2940.59115574 5.94958401078e+20 1.46562923192e+21 0.0 82 202 0
2948.85124325 5.94958401078e+20 1.46562923192e+21 0.0 82 202 0
2957.11133077 5.87702810821e+20 1.46562923192e+21 0.0 81 202 0
2965.37141828 5.80447220564e+20 1.46562923192e+21 0.0 80 202 0
2973.6315058 5.80447220564e+20 1.46562923192e+21 0.0 80 202 0
2981.89159332 5.80447220564e+20 1.46562923192e+21 0.0 80 202 0
2990.15168083 5.80447220564e+20 1.46562923192e+21 0.0 80 202 0
2998.41176835 5.80447220564e+20 1.46562923192e+21 0.0 80 202 0
3006.67185586 5.94958401078e+20 1.46562923192e+21 0.0 82 202 0
3014.93194338 5.94958401078e+20 1.46562923192e+21 0.0 82 202 0
3023.1920309 5.94958401078e+20 1.46562923192e+21 0.0 82 202 0
3031.45211841 5.87702810821e+20 1.46562923192e+21 0.0 81 202 0
3039.71220593 5.87702810821e+20 1.46562923192e+21 0.0 81 202 0
3047.97229345 5.87702810821e+20 1.46562923192e+21 0.0 81 202 0
3056.23238096 5.87702810821e+20 1.46562923192e+21 0.0 81 202 0
3064.49246848 5.87702810821e+20 1.46562923192e+21 0.0 81 202 0
3072.75255599 5.87702810821e+20 1.46562923192e+21 0.0 81 202 0
3081.01264351 5.87702810821e+20 1.46562923192e+21 0.0 81 202 0
3089.27273103 5.87702810821e+20 1.46562923192e+21 0.0 81 202 0
3097.53281854 5.87702810821e+20 1.46562923192e+21 0.0 81 202 0
3105.79290606 5.87702810821e+20 1.46562923192e+21 0.0 81 202 0
3114.05299357 5.87702810821e+20 1.46562923192e+21 0.0 81 202 0
3122.31308109 5.87702810821e+20 1.46562923192e+21 0.0 81 202 0
3130.57316861 5.80447220564e+20 1.46562923192e+21 0.0 80 202 0
3138.83325612 5.73191630307e+20 1.46562923192e+21 0.0 79 202 0
3147.09334364 5.6593604005e+20 1.46562923192e+21 0.0 78 202 0
3155.35343115 5.6593604005e+20 1.46562923192e+21 0.0 78 202 0
3163.61351867 5.6593604005e+20 1.46562923192e+21 0.0 78 202 0
3171.87360619 5.6593604005e+20 1.46562923192e+21 0.0 78 202 0
3180.1336937 5.6593604005e+20 1.46562923192e+21 0.0 78 202 0
3188.39378122 5.58680449793e+20 1.46562923192e+21 0.0 77 202 0
3196.65386873 5.51424859536e+20 1.46562923192e+21 0.0 76 202 0
3204.91395625 5.51424859536e+20 1.46562923192e+21 0.0 76 202 0
3213.17404377 5.51424859536e+20 1.46562923192e+21 0.0 76 202 0
3221.43413128 5.51424859536e+20 1.46562923192e+21 0.0 76 202 0
3229.6942188 5.51424859536e+20 1.46562923192e+21 0.0 76 202 0
3237.95430631 5.51424859536e+20 1.46562923192e+21 0.0 76 202 0
3246.21439383 5.51424859536e+20 1.46562923192e+21 0.0 76 202 0
3254.47448135 5.51424859536e+20 1.46562923192e+21 0.0 76 202 0
3262.73456886 5.51424859536e+20 1.46562923192e+21 0.0 76 202 0
3270.99465638 5.51424859536e+20 1.46562923192e+21 0.0 76 202 0
3279.2547439 5.51424859536e+20 1.46562923192e+21 0.0 76 202 0
3287.51483141 5.51424859536e+20 1.46562923192e+21 0.0 76 202 0
3295.77491893 5.51424859536e+20 1.46562923192e+21 0.0 76 202 0
3304.03500644 5.51424859536e+20 1.46562923192e+21 0.0 76 202 0
3312.29509396 5.6593604005e+20 1.46562923192e+21 0.0 78 202 0
3320.55518148 5.6593604005e+20 1.46562923192e+21 0.0 78 202 0
3328.81526899 5.6593604005e+20 1.46562923192e+21 0.0 78 202 0
3337.07535651 5.58680449793e+20 1.46562923192e+21 0.0 77 202 0
3345.33544402 5.58680449793e+20 1.46562923192e+21 0.0 77 202 0
3353.59553154 5.58680449793e+20 1.46562923192e+21 0.0 77 202 0
3361.85561906 5.58680449793e+20 1.46562923192e+21 0.0 77 202 0
3370.11570657 5.6593604005e+20 1.46562923192e+21 0.0 78 202 0
3378.37579409 5.6593604005e+20 1.46562923192e+21 0.0 78 202 0
3386.6358816 5.6593604005e+20 1.46562923192e+21 0.0 78 202 0
3394.89596912 5.6593604005e+20 1.46562923192e+21 0.0 78 202 0
3403.15605664 5.6593604005e+20 1.46562923192e+21 0.0 78 202 0
3411.41614415 5.6593604005e+20 1.46562923192e+21 0.0 78 202 0
3419.67623167 5.58680449793e+20 1.46562923192e+21 0.0 77 202 0
3427.93631918 5.58680449793e+20 1.46562923192e+21 0.0 77 202 0
3436.1964067 5.58680449793e+20 1.46562923192e+21 0.0 77 202 0
3444.45649422 5.58680449793e+20 1.46562923192e+21 0.0 77 202 0
3452.71658173 5.58680449793e+20 1.46562923192e+21 0.0 77 202 0
3460.97666925 5.51424859536e+20 1.46562923192e+21 0.0 76 202 0
3469.23675676 5.51424859536e+20 1.46562923192e+21 0.0 76 202 0
3477.49684428 5.44169269279e+20 1.46562923192e+21 0.0 75 202 0
3485.7569318 5.44169269279e+20 1.46562923192e+21 0.0 75 202 0
3494.01701931 5.44169269279e+20 1.46562923192e+21 0.0 75 202 0
3502.27710683 5.51424859536e+20 1.46562923192e+21 0.0 76 202 0
3510.53719435 5.51424859536e+20 1.46562923192e+21 0.0 76 202 0
3518.79728186 5.51424859536e+20 1.46562923192e+21 0.0 76 202 0
3527.05736938 5.51424859536e+20 1.46562923192e+21 0.0 76 202 0
3535.31745689 5.51424859536e+20 1.46562923192e+21 0.0 76 202 0
3543.57754441 5.44169269279e+20 1.46562923192e+21 0.0 75 202 0
3551.83763193 5.44169269279e+20 1.46562923192e+21 0.0 75 202 0
3560.09771944 5.36913679022e+20 1.46562923192e+21 0.0 74 202 0
3568.35780696 5.36913679022e+20 1.46562923192e+21 0.0 74 202 0
3576.61789447 5.44169269279e+20 1.46562923192e+21 0.0 75 202 0
3584.87798199 5.44169269279e+20 1.46562923192e+21 0.0 75 202 0
3593.13806951 5.36913679022e+20 1.46562923192e+21 0.0 74 202 0
3601.39815702 5.36913679022e+20 1.46562923192e+21 0.0 74 202 0
3609.65824454 5.36913679022e+20 1.46562923192e+21 0.0 74 202 0
3617.91833205 5.36913679022e+20 1.46562923192e+21 0.0 74 202 0
3626.17841957 5.36913679022e+20 1.46562923192e+21 0.0 74 202 0
3634.43850709 5.36913679022e+20 1.46562923192e+21 0.0 74 202 0
3642.6985946 5.36913679022e+20 1.46562923192e+21 0.0 74 202 0
3650.95868212 5.29658088765e+20 1.46562923192e+21 0.0 73 202 0
3659.21876963 5.36913679022e+20 1.46562923192e+21 0.0 74 202 0
3667.47885715 5.36913679022e+20 1.46562923192e+21 0.0 74 202 0
3675.73894467 5.36913679022e+20 1.46562923192e+21 0.0 74 202 0
3683.99903218 5.36913679022e+20 1.46562923192e+21 0.0 74 202 0
3692.2591197 5.36913679022e+20 1.46562923192e+21 0.0 74 202 0
3700.51920721 5.36913679022e+20 1.46562923192e+21 0.0 74 202 0
3708.77929473 5.36913679022e+20 1.46562923192e+21 0.0 74 202 0
3717.03938225 5.36913679022e+20 1.46562923192e+21 0.0 74 202 0
3725.29946976 5.36913679022e+20 1.46562923192e+21 0.0 74 202 0
3733.55955728 5.36913679022e+20 1.46562923192e+21 0.0 74 202 0
3741.81964479 5.36913679022e+20 1.46562923192e+21 0.0 74 202 0
3750.07973231 5.29658088765e+20 1.46562923192e+21 0.0 73 202 0
3758.33981983 5.29658088765e+20 1.46562923192e+21 0.0 73 202 0
3766.59990734 5.29658088765e+20 1.46562923192e+21 0.0 73 202 0
3774.85999486 5.29658088765e+20 1.46562923192e+21 0.0 73 202 0
3783.12008238 5.22402498508e+20 1.46562923192e+21 0.0 72 202 0
3791.38016989 5.22402498508e+20 1.46562923192e+21 0.0 72 202 0
3799.64025741 5.22402498508e+20 1.46562923192e+21 0.0 72 202 0
3807.90034492 5.15146908251e+20 1.46562923192e+21 0.0 71 202 0
3816.16043244 5.15146908251e+20 1.46562923192e+21 0.0 71 202 0
3824.42051996 5.15146908251e+20 1.46562923192e+21 0.0 71 202 0
3832.68060747 5.15146908251e+20 1.46562923192e+21 0.0 71 202 0
3840.94069499 5.15146908251e+20 1.46562923192e+21 0.0 71 202 0
3849.2007825 5.15146908251e+20 1.46562923192e+21 0.0 71 202 0
3857.46087002 5.15146908251e+20 1.46562923192e+21 0.0 71 202 0
3865.72095754 5.15146908251e+20 1.46562923192e+21 0.0 71 202 0
3873.98104505 5.07891317993e+20 1.46562923192e+21 0.0 70 202 0
3882.24113257 5.07891317993e+20 1.46562923192e+21 0.0 70 202 0
3890.50122008 5.07891317993e+20 1.46562923192e+21 0.0 70 202 0
3898.7613076 5.07891317993e+20 1.46562923192e+21 0.0 70 202 0
3907.02139512 5.07891317993e+20 1.46562923192e+21 0.0 70 202 0
3915.28148263 5.07891317993e+20 1.46562923192e+21 0.0 70 202 0
3923.54157015 5.00635727736e+20 1.46562923192e+21 0.0 69 202 0
3931.80165766 4.93380137479e+20 1.46562923192e+21 0.0 68 202 0
3940.06174518 4.86124547222e+20 1.46562923192e+21 0.0 67 202 0
3948.3218327 4.78868956965e+20 1.46562923192e+21 0.0 66 202 0
3956.58192021 4.71613366708e+20 1.46562923192e+21 0.0 65 202 0
3964.84200773 4.71613366708e+20 1.46562923192e+21 0.0 65 202 0
3973.10209524 4.71613366708e+20 1.46562923192e+21 0.0 65 202 0
3981.36218276 4.71613366708e+20 1.46562923192e+21 0.0 65 202 0
3989.62227028 4.71613366708e+20 1.46562923192e+21 0.0 65 202 0
3997.88235779 4.71613366708e+20 1.46562923192e+21 0.0 65 202 0
4006.14244531 4.71613366708e+20 1.46562923192e+21 0.0 65 202 0
4014.40253283 4.71613366708e+20 1.46562923192e+21 0.0 65 202 0
4022.66262034 4.71613366708e+20 1.46562923192e+21 0.0 65 202 0
4030.92270786 4.64357776451e+20 1.46562923192e+21 0.0 64 202 0
4039.18279537 4.64357776451e+20 1.46562923192e+21 0.0 64 202 0
4047.44288289 4.64357776451e+20 1.46562923192e+21 0.0 64 202 0
4055.70297041 4.71613366708e+20 1.46562923192e+21 0.0 65 202 0
4063.96305792 4.78868956965e+20 1.46562923192e+21 0.0 66 202 0
4072.22314544 4.78868956965e+20 1.46562923192e+21 0.0 66 202 0
4080.48323295 4.78868956965e+20 1.46562923192e+21 0.0 66 202 0
4088.74332047 4.78868956965e+20 1.46562923192e+21 0.0 66 202 0
4097.00340799 4.71613366708e+20 1.46562923192e+21 0.0 65 202 0
4105.2634955 4.71613366708e+20 1.46562923192e+21 0.0 65 202 0
4113.52358302 4.71613366708e+20 1.46562923192e+21 0.0 65 202 0
4121.78367053 4.71613366708e+20 1.46562923192e+21 0.0 65 202 0
4130.04375805 4.71613366708e+20 1.46562923192e+21 0.0 65 202 0
4138.30384557 4.71613366708e+20 1.46562923192e+21 0.0 65 202 0
4146.56393308 4.71613366708e+20 1.46562923192e+21 0.0 65 202 0
4154.8240206 4.71613366708e+20 1.46562923192e+21 0.0 65 202 0
4163.08410811 4.71613366708e+20 1.46562923192e+21 0.0 65 202 0
4171.34419563 4.71613366708e+20 1.46562923192e+21 0.0 65 202 0
4179.60428315 4.71613366708e+20 1.46562923192e+21 0.0 65 202 0
4187.86437066 4.71613366708e+20 1.46562923192e+21 0.0 65 202 0
4196.12445818 4.78868956965e+20 1.46562923192e+21 0.0 66 202 0
4204.38454569 4.78868956965e+20 1.46562923192e+21 0.0 66 202 0
4212.64463321 4.78868956965e+20 1.46562923192e+21 0.0 66 202 0
4220.90472073 4.71613366708e+20 1.46562923192e+21 0.0 65 202 0
4229.16480824 4.71613366708e+20 1.46562923192e+21 0.0 65 202 0
4237.42489576 4.71613366708e+20 1.46562923192e+21 0.0 65 202 0
4245.68498328 4.71613366708e+20 1.46562923192e+21 0.0 65 202 0
4253.94507079 4.64357776451e+20 1.46562923192e+21 0.0 64 202 0
4262.20515831 4.64357776451e+20 1.46562923192e+21 0.0 64 202 0
4270.46524582 4.64357776451e+20 1.46562923192e+21 0.0 64 202 0
4278.72533334 4.64357776451e+20 1.46562923192e+21 0.0 64 202 0
4286.98542086 4.64357776451e+20 1.46562923192e+21 0.0 64 202 0
4295.24550837 4.64357776451e+20 1.46562923192e+21 0.0 64 202 0
4303.50559589 4.64357776451e+20 1.46562923192e+21 0.0 64 202 0
4311.7656834 4.64357776451e+20 1.46562923192e+21 0.0 64 202 0
4320.02577092 4.64357776451e+20 1.46562923192e+21 0.0 64 202 0
4328.28585844 4.64357776451e+20 1.46562923192e+21 0.0 64 202 0
4336.54594595 4.64357776451e+20 1.46562923192e+21 0.0 64 202 0
4344.80603347 4.64357776451e+20 1.46562923192e+21 0.0 64 202 0
4353.06612098 4.64357776451e+20 1.46562923192e+21 0.0 64 202 0
4361.3262085 4.64357776451e+20 1.46562923192e+21 0.0 64 202 0
4369.58629602 4.64357776451e+20 1.46562923192e+21 0.0 64 202 0
4377.84638353 4.64357776451e+20 1.46562923192e+21 0.0 64 202 0
4386.10647105 4.57102186194e+20 1.46562923192e+21 0.0 63 202 0
4394.36655856 4.57102186194e+20 1.46562923192e+21 0.0 63 202 0
4402.62664608 4.57102186194e+20 1.46562923192e+21 0.0 63 202 0
4410.8867336 4.57102186194e+20 1.46562923192e+21 0.0 63 202 0
4419.14682111 4.57102186194e+20 1.46562923192e+21 0.0 63 202 0
4427.40690863 4.57102186194e+20 1.46562923192e+21 0.0 63 202 0
4435.66699614 4.57102186194e+20 1.46562923192e+21 0.0 63 202 0
4443.92708366 4.57102186194e+20 1.46562923192e+21 0.0 63 202 0
4452.18717118 4.57102186194e+20 1.46562923192e+21 0.0 63 202 0
4460.44725869 4.57102186194e+20 1.46562923192e+21 0.0 63 202 0
4468.70734621 4.57102186194e+20 1.46562923192e+21 0.0 63 202 0
4476.96743372 4.57102186194e+20 1.46562923192e+21 0.0 63 202 0
4485.22752124 4.57102186194e+20 1.46562923192e+21 0.0 63 202 0
4493.48760876 4.49846595937e+20 1.46562923192e+21 0.0 62 202 0
4501.74769627 4.49846595937e+20 1.46562923192e+21 0.0 62 202 0
4510.00778379 4.49846595937e+20 1.46562923192e+21 0.0 62 202 0
4518.26787131 4.49846595937e+20 1.46562923192e+21 0.0 62 202 0
4526.52795882 4.49846595937e+20 1.46562923192e+21 0.0 62 202 0
4534.78804634 4.49846595937e+20 1.46562923192e+21 0.0 62 202 0
4543.04813385 4.49846595937e+20 1.46562923192e+21 0.0 62 202 0
4551.30822137 4.49846595937e+20 1.46562923192e+21 0.0 62 202 0
4559.56830889 4.57102186194e+20 1.46562923192e+21 0.0 63 202 0
4567.8283964 4.57102186194e+20 1.46562923192e+21 0.0 63 202 0
4576.08848392 4.57102186194e+20 1.46562923192e+21 0.0 63 202 0
4584.34857143 4.57102186194e+20 1.46562923192e+21 0.0 63 202 0
4592.60865895 4.57102186194e+20 1.46562923192e+21 0.0 63 202 0
4600.86874647 4.57102186194e+20 1.46562923192e+21 0.0 63 202 0
4609.12883398 4.57102186194e+20 1.46562923192e+21 0.0 63 202 0
4617.3889215 4.57102186194e+20 1.46562923192e+21 0.0 63 202 0
4625.64900901 4.57102186194e+20 1.46562923192e+21 0.0 63 202 0
4633.90909653 4.57102186194e+20 1.46562923192e+21 0.0 63 202 0
4642.16918405 4.57102186194e+20 1.46562923192e+21 0.0 63 202 0
4650.42927156 4.57102186194e+20 1.46562923192e+21 0.0 63 202 0
4658.68935908 4.57102186194e+20 1.46562923192e+21 0.0 63 202 0
4666.94944659 4.57102186194e+20 1.46562923192e+21 0.0 63 202 0
4675.20953411 4.57102186194e+20 1.46562923192e+21 0.0 63 202 0
4683.46962163 4.57102186194e+20 1.46562923192e+21 0.0 63 202 0
4691.72970914 4.57102186194e+20 1.46562923192e+21 0.0 63 202 0
4699.98979666 4.57102186194e+20 1.46562923192e+21 0.0 63 202 0
4708.24988417 4.57102186194e+20 1.46562923192e+21 0.0 63 202 0
4716.50997169 4.57102186194e+20 1.46562923192e+21 0.0 63 202 0
4724.77005921 4.57102186194e+20 1.46562923192e+21 0.0 63 202 0
4733.03014672 4.57102186194e+20 1.46562923192e+21 0.0 63 202 0
4741.29023424 4.64357776451e+20 1.46562923192e+21 0.0 64 202 0
4749.55032176 4.64357776451e+20 1.46562923192e+21 0.0 64 202 0
4757.81040927 4.64357776451e+20 1.46562923192e+21 0.0 64 202 0
4766.07049679 4.71613366708e+20 1.46562923192e+21 0.0 65 202 0
4774.3305843 4.71613366708e+20 1.46562923192e+21 0.0 65 202 0
4782.59067182 4.71613366708e+20 1.46562923192e+21 0.0 65 202 0
4790.85075934 4.71613366708e+20 1.46562923192e+21 0.0 65 202 0
4799.11084685 4.71613366708e+20 1.46562923192e+21 0.0 65 202 0
4807.37093437 4.71613366708e+20 1.46562923192e+21 0.0 65 202 0
4815.63102188 4.78868956965e+20 1.46562923192e+21 0.0 66 202 0
4823.8911094 4.78868956965e+20 1.46562923192e+21 0.0 66 202 0
4832.15119692 4.78868956965e+20 1.46562923192e+21 0.0 66 202 0
4840.41128443 4.78868956965e+20 1.46562923192e+21 0.0 66 202 0
4848.67137195 4.78868956965e+20 1.46562923192e+21 0.0 66 202 0
4856.93145946 4.78868956965e+20 1.46562923192e+21 0.0 66 202 0
4865.19154698 4.78868956965e+20 1.46562923192e+21 0.0 66 202 0
4873.4516345 4.78868956965e+20 1.46562923192e+21 0.0 66 202 0
4881.71172201 4.78868956965e+20 1.46562923192e+21 0.0 66 202 0
4889.97180953 4.71613366708e+20 1.46562923192e+21 0.0 65 202 0
4898.23189704 4.71613366708e+20 1.46562923192e+21 0.0 65 202 0
4906.49198456 4.71613366708e+20 1.46562923192e+21 0.0 65 202 0
4914.75207208 4.71613366708e+20 1.46562923192e+21 0.0 65 202 0
4923.01215959 4.64357776451e+20 1.46562923192e+21 0.0 64 202 0
4931.27224711 4.64357776451e+20 1.46562923192e+21 0.0 64 202 0
4939.53233463 4.64357776451e+20 1.46562923192e+21 0.0 64 202 0
4947.79242214 4.64357776451e+20 1.46562923192e+21 0.0 64 202 0
4956.05250966 4.64357776451e+20 1.46562923192e+21 0.0 64 202 0
4964.31259718 4.64357776451e+20 1.46562923192e+21 0.0 64 202 0
4972.57268469 4.57102186194e+20 1.46562923192e+21 0.0 63 202 0
4980.83277221 4.57102186194e+20 1.46562923192e+21 0.0 63 202 0
4989.09285973 4.57102186194e+20 1.46562923192e+21 0.0 63 202 0
4997.35294724 4.57102186194e+20 1.46562923192e+21 0.0 63 202 0
5005.61303476 4.57102186194e+20 1.46562923192e+21 0.0 63 202 0
5013.87312228 4.57102186194e+20 1.46562923192e+21 0.0 63 202 0
5022.13320979 4.57102186194e+20 1.46562923192e+21 0.0 63 202 0
5030.39329731 4.57102186194e+20 1.46562923192e+21 0.0 63 202 0
5038.65338483 4.57102186194e+20 1.46562923192e+21 0.0 63 202 0
5046.91347234 4.57102186194e+20 1.46562923192e+21 0.0 63 202 0
5055.17355986 4.57102186194e+20 1.46562923192e+21 0.0 63 202 0
5063.43364738 4.57102186194e+20 1.46562923192e+21 0.0 63 202 0
5071.69373489 4.57102186194e+20 1.46562923192e+21 0.0 63 202 0
5079.95382241 4.57102186194e+20 1.46562923192e+21 0.0 63 202 0
5088.21390993 4.57102186194e+20 1.46562923192e+21 0.0 63 202 0
5096.47399744 4.57102186194e+20 1.46562923192e+21 0.0 63 202 0
5104.73408496 4.57102186194e+20 1.46562923192e+21 0.0 63 202 0
5112.99417248 4.57102186194e+20 1.46562923192e+21 0.0 63 202 0
5121.25425999 4.57102186194e+20 1.46562923192e+21 0.0 63 202 0
5129.51434751 4.57102186194e+20 1.46562923192e+21 0.0 63 202 0
5137.77443503 4.57102186194e+20 1.46562923192e+21 0.0 63 202 0
5146.03452254 4.57102186194e+20 1.46562923192e+21 0.0 63 202 0
5154.29461006 4.49846595937e+20 1.46562923192e+21 0.0 62 202 0
5162.55469758 4.49846595937e+20 1.46562923192e+21 0.0 62 202 0
5170.81478509 4.49846595937e+20 1.46562923192e+21 0.0 62 202 0
5179.07487261 4.49846595937e+20 1.46562923192e+21 0.0 62 202 0
5187.33496013 4.49846595937e+20 1.46562923192e+21 0.0 62 202 0
5195.59504764 4.49846595937e+20 1.46562923192e+21 0.0 62 202 0
5203.85513516 4.49846595937e+20 1.46562923192e+21 0.0 62 202 0
5212.11522268 4.49846595937e+20 1.46562923192e+21 0.0 62 202 0
5220.37531019 4.49846595937e+20 1.46562923192e+21 0.0 62 202 0
5228.63539771 4.4259100568e+20 1.46562923192e+21 0.0 61 202 0
5236.89548523 4.4259100568e+20 1.46562923192e+21 0.0 61 202 0
5245.15557274 4.4259100568e+20 1.46562923192e+21 0.0 61 202 0
5253.41566026 4.4259100568e+20 1.46562923192e+21 0.0 61 202 0
5261.67574777 4.4259100568e+20 1.46562923192e+21 0.0 61 202 0
5269.93583529 4.4259100568e+20 1.46562923192e+21 0.0 61 202 0
5278.19592281 4.4259100568e+20 1.46562923192e+21 0.0 61 202 0
5286.45601032 4.4259100568e+20 1.46562923192e+21 0.0 61 202 0
5294.71609784 4.4259100568e+20 1.46562923192e+21 0.0 61 202 0
5302.97618536 4.4259100568e+20 1.46562923192e+21 0.0 61 202 0
5311.23627287 4.4259100568e+20 1.46562923192e+21 0.0 61 202 0
5319.49636039 4.4259100568e+20 1.46562923192e+21 0.0 61 202 0
5327.75644791 4.4259100568e+20 1.46562923192e+21 0.0 61 202 0
5336.01653542 4.4259100568e+20 1.46562923192e+21 0.0 61 202 0
5344.27662294 4.4259100568e+20 1.46562923192e+21 0.0 61 202 0
5352.53671046 4.4259100568e+20 1.46562923192e+21 0.0 61 202 0
5360.79679797 4.4259100568e+20 1.46562923192e+21 0.0 61 202 0
5369.05688549 4.4259100568e+20 1.46562923192e+21 0.0 61 202 0
5377.31697301 4.4259100568e+20 1.46562923192e+21 0.0 61 202 0
5385.57706052 4.4259100568e+20 1.46562923192e+21 0.0 61 202 0
5393.83714804 4.4259100568e+20 1.46562923192e+21 0.0 61 202 0
5402.09723556 4.4259100568e+20 1.46562923192e+21 0.0 61 202 0
5410.35732307 4.4259100568e+20 1.46562923192e+21 0.0 61 202 0
5418.61741059 4.4259100568e+20 1.46562923192e+21 0.0 61 202 0
5426.87749811 4.4259100568e+20 1.46562923192e+21 0.0 61 202 0
5435.13758562 4.4259100568e+20 1.46562923192e+21 0.0 61 202 0
5443.39767314 4.4259100568e+20 1.46562923192e+21 0.0 61 202 0
5451.65776066 4.4259100568e+20 1.46562923192e+21 0.0 61 202 0
5459.91784817 4.4259100568e+20 1.46562923192e+21 0.0 61 202 0
5468.17793569 4.4259100568e+20 1.46562923192e+21 0.0 61 202 0
5476.43802321 4.4259100568e+20 1.46562923192e+21 0.0 61 202 0
5484.69811072 4.35335415423e+20 1.46562923192e+21 0.0 60 202 0
5492.95819824 4.35335415423e+20 1.46562923192e+21 0.0 60 202 0
5501.21828576 4.35335415423e+20 1.46562923192e+21 0.0 60 202 0
5509.47837327 4.35335415423e+20 1.46562923192e+21 0.0 60 202 0
5517.73846079 4.35335415423e+20 1.46562923192e+21 0.0 60 202 0
5525.99854831 4.4259100568e+20 1.46562923192e+21 0.0 61 202 0
5534.25863582 4.4259100568e+20 1.46562923192e+21 0.0 61 202 0
5542.51872334 4.4259100568e+20 1.46562923192e+21 0.0 61 202 0
5550.77881086 4.4259100568e+20 1.46562923192e+21 0.0 61 202 0
5559.03889837 4.35335415423e+20 1.46562923192e+21 0.0 60 202 0
5567.29898589 4.35335415423e+20 1.46562923192e+21 0.0 60 202 0
5575.55907341 4.35335415423e+20 1.46562923192e+21 0.0 60 202 0
5583.81916092 4.35335415423e+20 1.46562923192e+21 0.0 60 202 0
5592.07924844 4.35335415423e+20 1.46562923192e+21 0.0 60 202 0
5600.33933596 4.35335415423e+20 1.46562923192e+21 0.0 60 202 0
5608.59942347 4.35335415423e+20 1.46562923192e+21 0.0 60 202 0
5616.85951099 4.35335415423e+20 1.46562923192e+21 0.0 60 202 0
5625.11959851 4.35335415423e+20 1.46562923192e+21 0.0 60 202 0
5633.37968602 4.35335415423e+20 1.46562923192e+21 0.0 60 202 0
5641.63977354 4.35335415423e+20 1.46562923192e+21 0.0 60 202 0
5649.89986106 4.35335415423e+20 1.46562923192e+21 0.0 60 202 0
5658.15994857 4.35335415423e+20 1.46562923192e+21 0.0 60 202 0
5666.42003609 4.35335415423e+20 1.46562923192e+21 0.0 60 202 0
5674.68012361 4.4259100568e+20 1.46562923192e+21 0.0 61 202 0
5682.94021112 4.35335415423e+20 1.46562923192e+21 0.0 60 202 0
5691.20029864 4.35335415423e+20 1.46562923192e+21 0.0 60 202 0
5699.46038616 4.35335415423e+20 1.46562923192e+21 0.0 60 202 0
5707.72047367 4.35335415423e+20 1.46562923192e+21 0.0 60 202 0
5715.98056119 4.35335415423e+20 1.46562923192e+21 0.0 60 202 0
5724.24064871 4.35335415423e+20 1.46562923192e+21 0.0 60 202 0
5732.50073622 4.35335415423e+20 1.46562923192e+21 0.0 60 202 0
5740.76082374 4.35335415423e+20 1.46562923192e+21 0.0 60 202 0
5749.02091126 4.35335415423e+20 1.46562923192e+21 0.0 60 202 0
5757.28099877 4.35335415423e+20 1.46562923192e+21 0.0 60 202 0
5765.54108629 4.4259100568e+20 1.46562923192e+21 0.0 61 202 0
5773.8011738 4.4259100568e+20 1.46562923192e+21 0.0 61 202 0
5782.06126132 4.4259100568e+20 1.46562923192e+21 0.0 61 202 0
5790.32134884 4.4259100568e+20 1.46562923192e+21 0.0 61 202 0
5798.58143635 4.4259100568e+20 1.46562923192e+21 0.0 61 202 0
5806.84152387 4.4259100568e+20 1.46562923192e+21 0.0 61 202 0
5815.10161139 4.35335415423e+20 1.46562923192e+21 0.0 60 202 0
5823.3616989 4.35335415423e+20 1.46562923192e+21 0.0 60 202 0
5831.62178642 4.35335415423e+20 1.46562923192e+21 0.0 60 202 0
5839.88187394 4.28079825166e+20 1.46562923192e+21 0.0 59 202 0
5848.14196145 4.28079825166e+20 1.46562923192e+21 0.0 59 202 0
5856.40204897 4.28079825166e+20 1.46562923192e+21 0.0 59 202 0
5864.66213649 4.28079825166e+20 1.46562923192e+21 0.0 59 202 0
5872.922224 4.28079825166e+20 1.46562923192e+21 0.0 59 202 0
5881.18231152 4.28079825166e+20 1.46562923192e+21 0.0 59 202 0
5889.44239904 4.28079825166e+20 1.46562923192e+21 0.0 59 202 0
5897.70248655 4.35335415423e+20 1.46562923192e+21 0.0 60 202 0
5905.96257407 4.35335415423e+20 1.46562923192e+21 0.0 60 202 0
5914.22266159 4.35335415423e+20 1.46562923192e+21 0.0 60 202 0
5922.4827491 4.35335415423e+20 1.46562923192e+21 0.0 60 202 0
5930.74283662 4.35335415423e+20 1.46562923192e+21 0.0 60 202 0
5939.00292414 4.35335415423e+20 1.46562923192e+21 0.0 60 202 0
5947.26301165 4.35335415423e+20 1.46562923192e+21 0.0 60 202 0
5955.52309917 4.35335415423e+20 1.46562923192e+21 0.0 60 202 0
5963.78318669 4.35335415423e+20 1.46562923192e+21 0.0 60 202 0
5972.0432742 4.35335415423e+20 1.46562923192e+21 0.0 60 202 0
5980.30336172 4.35335415423e+20 1.46562923192e+21 0.0 60 202 0
5988.56344924 4.35335415423e+20 1.46562923192e+21 0.0 60 202 0
5996.82353675 4.35335415423e+20 1.46562923192e+21 0.0 60 202 0
6005.08362427 4.35335415423e+20 1.46562923192e+21 0.0 60 202 0
6013.34371179 4.35335415423e+20 1.46562923192e+21 0.0 60 202 0
6021.6037993 4.35335415423e+20 1.46562923192e+21 0.0 60 202 0
6029.86388682 4.35335415423e+20 1.46562923192e+21 0.0 60 202 0
6038.12397434 4.35335415423e+20 1.46562923192e+21 0.0 60 202 0
6046.38406185 4.35335415423e+20 1.46562923192e+21 0.0 60 202 0
6054.64414937 4.35335415423e+20 1.46562923192e+21 0.0 60 202 0
6062.90423689 4.35335415423e+20 1.46562923192e+21 0.0 60 202 0
6071.1643244 4.35335415423e+20 1.46562923192e+21 0.0 60 202 0
6079.42441192 4.35335415423e+20 1.46562923192e+21 0.0 60 202 0
6087.68449944 4.35335415423e+20 1.46562923192e+21 0.0 60 202 0
6095.94458695 4.35335415423e+20 1.46562923192e+21 0.0 60 202 0
6104.20467447 4.35335415423e+20 1.46562923192e+21 0.0 60 202 0
6112.46476199 4.35335415423e+20 1.46562923192e+21 0.0 60 202 0
6120.7248495 4.35335415423e+20 1.46562923192e+21 0.0 60 202 0
6128.98493702 4.35335415423e+20 1.46562923192e+21 0.0 60 202 0
6137.24502454 4.28079825166e+20 1.46562923192e+21 0.0 59 202 0
6145.50511205 4.28079825166e+20 1.46562923192e+21 0.0 59 202 0
6153.76519957 4.28079825166e+20 1.46562923192e+21 0.0 59 202 0
6162.02528709 4.28079825166e+20 1.46562923192e+21 0.0 59 202 0
6170.2853746 4.28079825166e+20 1.46562923192e+21 0.0 59 202 0
6178.54546212 4.28079825166e+20 1.46562923192e+21 0.0 59 202 0
6186.80554964 4.28079825166e+20 1.46562923192e+21 0.0 59 202 0
6195.06563715 4.20824234909e+20 1.46562923192e+21 0.0 58 202 0
6203.32572467 4.20824234909e+20 1.46562923192e+21 0.0 58 202 0
6211.58581219 4.20824234909e+20 1.46562923192e+21 0.0 58 202 0
6219.8458997 4.20824234909e+20 1.46562923192e+21 0.0 58 202 0
6228.10598722 4.20824234909e+20 1.46562923192e+21 0.0 58 202 0
6236.36607474 4.20824234909e+20 1.46562923192e+21 0.0 58 202 0
6244.62616225 4.20824234909e+20 1.46562923192e+21 0.0 58 202 0
6252.88624977 4.28079825166e+20 1.46562923192e+21 0.0 59 202 0
6261.14633728 4.28079825166e+20 1.46562923192e+21 0.0 59 202 0
6269.4064248 4.28079825166e+20 1.46562923192e+21 0.0 59 202 0
6277.66651232 4.28079825166e+20 1.46562923192e+21 0.0 59 202 0
6285.92659983 4.28079825166e+20 1.46562923192e+21 0.0 59 202 0
6294.18668735 4.28079825166e+20 1.46562923192e+21 0.0 59 202 0
6302.44677487 4.28079825166e+20 1.46562923192e+21 0.0 59 202 0
6310.70686238 4.28079825166e+20 1.46562923192e+21 0.0 59 202 0
6318.9669499 4.28079825166e+20 1.46562923192e+21 0.0 59 202 0
6327.22703742 4.28079825166e+20 1.46562923192e+21 0.0 59 202 0
6335.48712493 4.28079825166e+20 1.46562923192e+21 0.0 59 202 0
6343.74721245 4.28079825166e+20 1.46562923192e+21 0.0 59 202 0
6352.00729997 4.20824234909e+20 1.46562923192e+21 0.0 58 202 0
6360.26738748 4.20824234909e+20 1.46562923192e+21 0.0 58 202 0
6368.527475 4.20824234909e+20 1.46562923192e+21 0.0 58 202 0
6376.78756252 4.20824234909e+20 1.46562923192e+21 0.0 58 202 0
6385.04765003 4.28079825166e+20 1.46562923192e+21 0.0 59 202 0
6393.30773755 4.28079825166e+20 1.46562923192e+21 0.0 59 202 0
6401.56782507 4.28079825166e+20 1.46562923192e+21 0.0 59 202 0
6409.82791258 4.28079825166e+20 1.46562923192e+21 0.0 59 202 0
6418.0880001 4.28079825166e+20 1.46562923192e+21 0.0 59 202 0
6426.34808762 4.28079825166e+20 1.46562923192e+21 0.0 59 202 0
6434.60817513 4.28079825166e+20 1.46562923192e+21 0.0 59 202 0
6442.86826265 4.28079825166e+20 1.46562923192e+21 0.0 59 202 0
6451.12835017 4.28079825166e+20 1.46562923192e+21 0.0 59 202 0
6459.38843768 4.28079825166e+20 1.46562923192e+21 0.0 59 202 0
6467.6485252 4.28079825166e+20 1.46562923192e+21 0.0 59 202 0
6475.90861272 4.28079825166e+20 1.46562923192e+21 0.0 59 202 0
6484.16870023 4.28079825166e+20 1.46562923192e+21 0.0 59 202 0
6492.42878775 4.28079825166e+20 1.46562923192e+21 0.0 59 202 0
6500.68887527 4.28079825166e+20 1.46562923192e+21 0.0 59 202 0
6508.94896278 4.28079825166e+20 1.46562923192e+21 0.0 59 202 0
6517.2090503 4.28079825166e+20 1.46562923192e+21 0.0 59 202 0
6525.46913782 4.28079825166e+20 1.46562923192e+21 0.0 59 202 0
6533.72922533 4.28079825166e+20 1.46562923192e+21 0.0 59 202 0
6541.98931285 4.28079825166e+20 1.46562923192e+21 0.0 59 202 0
6550.24940037 4.28079825166e+20 1.46562923192e+21 0.0 59 202 0
6558.50948788 4.28079825166e+20 1.46562923192e+21 0.0 59 202 0
6566.7695754 4.28079825166e+20 1.46562923192e+21 0.0 59 202 0
6575.02966292 4.28079825166e+20 1.46562923192e+21 0.0 59 202 0
6583.28975043 4.28079825166e+20 1.46562923192e+21 0.0 59 202 0
6591.54983795 4.28079825166e+20 1.46562923192e+21 0.0 59 202 0
6599.80992547 4.28079825166e+20 1.46562923192e+21 0.0 59 202 0
6608.07001298 4.28079825166e+20 1.46562923192e+21 0.0 59 202 0
6616.3301005 4.28079825166e+20 1.46562923192e+21 0.0 59 202 0
6624.59018802 4.28079825166e+20 1.46562923192e+21 0.0 59 202 0
6632.85027553 4.28079825166e+20 1.46562923192e+21 0.0 59 202 0
6641.11036305 4.20824234909e+20 1.46562923192e+21 0.0 58 202 0
6649.37045057 4.20824234909e+20 1.46562923192e+21 0.0 58 202 0
6657.63053808 4.20824234909e+20 1.46562923192e+21 0.0 58 202 0
6665.8906256 4.20824234909e+20 1.46562923192e+21 0.0 58 202 0
6674.15071312 4.20824234909e+20 1.46562923192e+21 0.0 58 202 0
6682.41080063 4.20824234909e+20 1.46562923192e+21 0.0 58 202 0
6690.67088815 4.20824234909e+20 1.46562923192e+21 0.0 58 202 0
6698.93097567 4.20824234909e+20 1.46562923192e+21 0.0 58 202 0
6707.19106318 4.20824234909e+20 1.46562923192e+21 0.0 58 202 0
6715.4511507 4.20824234909e+20 1.46562923192e+21 0.0 58 202 0
6723.71123822 4.20824234909e+20 1.46562923192e+21 0.0 58 202 0
6731.97132573 4.20824234909e+20 1.46562923192e+21 0.0 58 202 0
6740.23141325 4.20824234909e+20 1.46562923192e+21 0.0 58 202 0
6748.49150077 4.20824234909e+20 1.46562923192e+21 0.0 58 202 0
6756.75158828 4.20824234909e+20 1.46562923192e+21 0.0 58 202 0
6765.0116758 4.20824234909e+20 1.46562923192e+21 0.0 58 202 0
6773.27176331 4.20824234909e+20 1.46562923192e+21 0.0 58 202 0
6781.53185083 4.20824234909e+20 1.46562923192e+21 0.0 58 202 0
6789.79193835 4.20824234909e+20 1.46562923192e+21 0.0 58 202 0
6798.05202586 4.20824234909e+20 1.46562923192e+21 0.0 58 202 0
6806.31211338 4.20824234909e+20 1.46562923192e+21 0.0 58 202 0
6814.5722009 4.20824234909e+20 1.46562923192e+21 0.0 58 202 0
6822.83228841 4.28079825166e+20 1.46562923192e+21 0.0 59 202 0
6831.09237593 4.28079825166e+20 1.46562923192e+21 0.0 59 202 0
6839.35246345 4.28079825166e+20 1.46562923192e+21 0.0 59 202 0
6847.61255096 4.28079825166e+20 1.46562923192e+21 0.0 59 202 0
6855.87263848 4.28079825166e+20 1.46562923192e+21 0.0 59 202 0
6864.132726 4.28079825166e+20 1.46562923192e+21 0.0 59 202 0
6872.39281351 4.28079825166e+20 1.46562923192e+21 0.0 59 202 0
6880.65290103 4.28079825166e+20 1.46562923192e+21 0.0 59 202 0
6888.91298855 4.28079825166e+20 1.46562923192e+21 0.0 59 202 0
6897.17307606 4.28079825166e+20 1.46562923192e+21 0.0 59 202 0
6905.43316358 4.28079825166e+20 1.46562923192e+21 0.0 59 202 0
6913.6932511 4.28079825166e+20 1.46562923192e+21 0.0 59 202 0
6921.95333861 4.28079825166e+20 1.46562923192e+21 0.0 59 202 0
6930.21342613 4.28079825166e+20 1.46562923192e+21 0.0 59 202 0
6938.47351365 4.28079825166e+20 1.46562923192e+21 0.0 59 202 0
6946.73360116 4.28079825166e+20 1.46562923192e+21 0.0 59 202 0
6954.99368868 4.28079825166e+20 1.46562923192e+21 0.0 59 202 0
6963.2537762 4.28079825166e+20 1.46562923192e+21 0.0 59 202 0
6971.51386371 4.28079825166e+20 1.46562923192e+21 0.0 59 202 0
6979.77395123 4.28079825166e+20 1.46562923192e+21 0.0 59 202 0
6988.03403875 4.28079825166e+20 1.46562923192e+21 0.0 59 202 0
6996.29412626 4.28079825166e+20 1.46562923192e+21 0.0 59 202 0
7004.55421378 4.28079825166e+20 1.46562923192e+21 0.0 59 202 0
7012.8143013 4.28079825166e+20 1.46562923192e+21 0.0 59 202 0
7021.07438881 4.28079825166e+20 1.46562923192e+21 0.0 59 202 0
7029.33447633 4.28079825166e+20 1.46562923192e+21 0.0 59 202 0
7037.59456385 4.28079825166e+20 1.46562923192e+21 0.0 59 202 0
7045.85465136 4.28079825166e+20 1.46562923192e+21 0.0 59 202 0
7054.11473888 4.28079825166e+20 1.46562923192e+21 0.0 59 202 0
7062.3748264 4.28079825166e+20 1.46562923192e+21 0.0 59 202 0
7070.63491391 4.28079825166e+20 1.46562923192e+21 0.0 59 202 0
7078.89500143 4.28079825166e+20 1.46562923192e+21 0.0 59 202 0
7087.15508895 4.28079825166e+20 1.46562923192e+21 0.0 59 202 0
7095.41517646 4.28079825166e+20 1.46562923192e+21 0.0 59 202 0
7103.67526398 4.28079825166e+20 1.46562923192e+21 0.0 59 202 0
7111.9353515 4.28079825166e+20 1.46562923192e+21 0.0 59 202 0
7120.19543901 4.28079825166e+20 1.46562923192e+21 0.0 59 202 0
7128.45552653 4.28079825166e+20 1.46562923192e+21 0.0 59 202 0
7136.71561405 4.28079825166e+20 1.46562923192e+21 0.0 59 202 0
7144.97570156 4.28079825166e+20 1.46562923192e+21 0.0 59 202 0
7153.23578908 4.28079825166e+20 1.46562923192e+21 0.0 59 202 0
7161.4958766 4.28079825166e+20 1.46562923192e+21 0.0 59 202 0
7169.75596411 4.28079825166e+20 1.46562923192e+21 0.0 59 202 0
7178.01605163 4.28079825166e+20 1.46562923192e+21 0.0 59 202 0
7186.27613915 4.28079825166e+20 1.46562923192e+21 0.0 59 202 0
7194.53622666 4.28079825166e+20 1.46562923192e+21 0.0 59 202 0
7202.79631418 4.28079825166e+20 1.46562923192e+21 0.0 59 202 0
7211.0564017 4.28079825166e+20 1.46562923192e+21 0.0 59 202 0
7219.31648921 4.28079825166e+20 1.46562923192e+21 0.0 59 202 0
7227.57657673 4.28079825166e+20 1.46562923192e+21 0.0 59 202 0
7235.83666425 4.28079825166e+20 1.46562923192e+21 0.0 59 202 0
7244.09675176 4.28079825166e+20 1.46562923192e+21 0.0 59 202 0
7252.35683928 4.28079825166e+20 1.46562923192e+21 0.0 59 202 0
7260.61692679 4.28079825166e+20 1.46562923192e+21 0.0 59 202 0
7268.87701431 4.20824234909e+20 1.46562923192e+21 0.0 58 202 0
7277.13710183 4.20824234909e+20 1.46562923192e+21 0.0 58 202 0
7285.39718934 4.13568644652e+20 1.46562923192e+21 0.0 57 202 0
7293.65727686 4.13568644652e+20 1.46562923192e+21 0.0 57 202 0
7301.91736438 4.06313054395e+20 1.46562923192e+21 0.0 56 202 0
7310.17745189 4.06313054395e+20 1.46562923192e+21 0.0 56 202 0
7318.43753941 4.06313054395e+20 1.46562923192e+21 0.0 56 202 0
7326.69762693 4.06313054395e+20 1.46562923192e+21 0.0 56 202 0
7334.95771444 3.99057464138e+20 1.46562923192e+21 0.0 55 202 0
7343.21780196 3.91801873881e+20 1.46562923192e+21 0.0 54 202 0
7351.47788948 3.91801873881e+20 1.46562923192e+21 0.0 54 202 0
7359.73797699 3.91801873881e+20 1.46562923192e+21 0.0 54 202 0
7367.99806451 3.91801873881e+20 1.46562923192e+21 0.0 54 202 0
7376.25815203 3.91801873881e+20 1.46562923192e+21 0.0 54 202 0
7384.51823954 3.91801873881e+20 1.46562923192e+21 0.0 54 202 0
7392.77832706 3.91801873881e+20 1.46562923192e+21 0.0 54 202 0
7401.03841458 3.91801873881e+20 1.46562923192e+21 0.0 54 202 0
7409.29850209 3.91801873881e+20 1.46562923192e+21 0.0 54 202 0
7417.55858961 3.91801873881e+20 1.46562923192e+21 0.0 54 202 0
7425.81867713 3.91801873881e+20 1.46562923192e+21 0.0 54 202 0
7434.07876464 3.91801873881e+20 1.46562923192e+21 0.0 54 202 0
7442.33885216 3.91801873881e+20 1.46562923192e+21 0.0 54 202 0
7450.59893968 3.91801873881e+20 1.46562923192e+21 0.0 54 202 0
7458.85902719 3.91801873881e+20 1.46562923192e+21 0.0 54 202 0
7467.11911471 3.99057464138e+20 1.46562923192e+21 0.0 55 202 0
7475.37920223 3.99057464138e+20 1.46562923192e+21 0.0 55 202 0
7483.63928974 3.99057464138e+20 1.46562923192e+21 0.0 55 202 0
7491.89937726 3.99057464138e+20 1.46562923192e+21 0.0 55 202 0
7500.15946478 3.99057464138e+20 1.46562923192e+21 0.0 55 202 0
7508.41955229 3.99057464138e+20 1.46562923192e+21 0.0 55 202 0
7516.67963981 3.99057464138e+20 1.46562923192e+21 0.0 55 202 0
7524.93972733 3.99057464138e+20 1.46562923192e+21 0.0 55 202 0
7533.19981484 3.99057464138e+20 1.46562923192e+21 0.0 55 202 0
7541.45990236 3.99057464138e+20 1.46562923192e+21 0.0 55 202 0
7549.71998988 3.99057464138e+20 1.46562923192e+21 0.0 55 202 0
7557.98007739 3.99057464138e+20 1.46562923192e+21 0.0 55 202 0
7566.24016491 3.99057464138e+20 1.46562923192e+21 0.0 55 202 0
7574.50025243 3.99057464138e+20 1.46562923192e+21 0.0 55 202 0
7582.76033994 3.99057464138e+20 1.46562923192e+21 0.0 55 202 0
7591.02042746 3.99057464138e+20 1.46562923192e+21 0.0 55 202 0
7599.28051498 4.06313054395e+20 1.46562923192e+21 0.0 56 202 0
7607.54060249 4.06313054395e+20 1.46562923192e+21 0.0 56 202 0
7615.80069001 4.06313054395e+20 1.46562923192e+21 0.0 56 202 0
7624.06077753 4.06313054395e+20 1.46562923192e+21 0.0 56 202 0
7632.32086504 4.06313054395e+20 1.46562923192e+21 0.0 56 202 0
7640.58095256 4.06313054395e+20 1.46562923192e+21 0.0 56 202 0
7648.84104008 4.06313054395e+20 1.46562923192e+21 0.0 56 202 0
7657.10112759 4.06313054395e+20 1.46562923192e+21 0.0 56 202 0
7665.36121511 4.06313054395e+20 1.46562923192e+21 0.0 56 202 0
7673.62130263 4.06313054395e+20 1.46562923192e+21 0.0 56 202 0
7681.88139014 4.06313054395e+20 1.46562923192e+21 0.0 56 202 0
7690.14147766 4.06313054395e+20 1.46562923192e+21 0.0 56 202 0
7698.40156518 4.06313054395e+20 1.46562923192e+21 0.0 56 202 0
7706.66165269 4.06313054395e+20 1.46562923192e+21 0.0 56 202 0
7714.92174021 4.06313054395e+20 1.46562923192e+21 0.0 56 202 0
7723.18182773 4.06313054395e+20 1.46562923192e+21 0.0 56 202 0
7731.44191524 4.06313054395e+20 1.46562923192e+21 0.0 56 202 0
7739.70200276 4.06313054395e+20 1.46562923192e+21 0.0 56 202 0
7747.96209028 4.06313054395e+20 1.46562923192e+21 0.0 56 202 0
7756.22217779 4.06313054395e+20 1.46562923192e+21 0.0 56 202 0
7764.48226531 4.06313054395e+20 1.46562923192e+21 0.0 56 202 0
7772.74235282 4.06313054395e+20 1.46562923192e+21 0.0 56 202 0
7781.00244034 4.06313054395e+20 1.46562923192e+21 0.0 56 202 0
7789.26252786 4.06313054395e+20 1.46562923192e+21 0.0 56 202 0
7797.52261537 4.06313054395e+20 1.46562923192e+21 0.0 56 202 0
7805.78270289 4.06313054395e+20 1.46562923192e+21 0.0 56 202 0
7814.04279041 4.06313054395e+20 1.46562923192e+21 0.0 56 202 0
7822.30287792 4.06313054395e+20 1.46562923192e+21 0.0 56 202 0
7830.56296544 4.06313054395e+20 1.46562923192e+21 0.0 56 202 0
7838.82305296 4.06313054395e+20 1.46562923192e+21 0.0 56 202 0
7847.08314047 4.06313054395e+20 1.46562923192e+21 0.0 56 202 0
7855.34322799 4.06313054395e+20 1.46562923192e+21 0.0 56 202 0
7863.60331551 4.06313054395e+20 1.46562923192e+21 0.0 56 202 0
7871.86340302 4.06313054395e+20 1.46562923192e+21 0.0 56 202 0
7880.12349054 4.06313054395e+20 1.46562923192e+21 0.0 56 202 0
7888.38357806 4.06313054395e+20 1.46562923192e+21 0.0 56 202 0
7896.64366557 4.06313054395e+20 1.46562923192e+21 0.0 56 202 0
7904.90375309 4.06313054395e+20 1.46562923192e+21 0.0 56 202 0
7913.16384061 4.06313054395e+20 1.46562923192e+21 0.0 56 202 0
7921.42392812 4.06313054395e+20 1.46562923192e+21 0.0 56 202 0
7929.68401564 4.06313054395e+20 1.46562923192e+21 0.0 56 202 0
7937.94410316 4.06313054395e+20 1.46562923192e+21 0.0 56 202 0
7946.20419067 4.06313054395e+20 1.46562923192e+21 0.0 56 202 0
7954.46427819 4.06313054395e+20 1.46562923192e+21 0.0 56 202 0
7962.72436571 4.06313054395e+20 1.46562923192e+21 0.0 56 202 0
7970.98445322 4.06313054395e+20 1.46562923192e+21 0.0 56 202 0
7979.24454074 4.06313054395e+20 1.46562923192e+21 0.0 56 202 0
7987.50462826 4.06313054395e+20 1.46562923192e+21 0.0 56 202 0
7995.76471577 4.06313054395e+20 1.46562923192e+21 0.0 56 202 0
8004.02480329 4.06313054395e+20 1.46562923192e+21 0.0 56 202 0
8012.28489081 4.06313054395e+20 1.46562923192e+21 0.0 56 202 0
8020.54497832 4.06313054395e+20 1.46562923192e+21 0.0 56 202 0
8028.80506584 4.06313054395e+20 1.46562923192e+21 0.0 56 202 0
8037.06515336 4.06313054395e+20 1.46562923192e+21 0.0 56 202 0
8045.32524087 4.06313054395e+20 1.46562923192e+21 0.0 56 202 0
8053.58532839 4.06313054395e+20 1.46562923192e+21 0.0 56 202 0
8061.84541591 4.06313054395e+20 1.46562923192e+21 0.0 56 202 0
8070.10550342 4.06313054395e+20 1.46562923192e+21 0.0 56 202 0
8078.36559094 4.06313054395e+20 1.46562923192e+21 0.0 56 202 0
8086.62567846 4.06313054395e+20 1.46562923192e+21 0.0 56 202 0
8094.88576597 4.06313054395e+20 1.46562923192e+21 0.0 56 202 0
8103.14585349 4.06313054395e+20 1.46562923192e+21 0.0 56 202 0
8111.40594101 4.06313054395e+20 1.46562923192e+21 0.0 56 202 0
8119.66602852 4.06313054395e+20 1.46562923192e+21 0.0 56 202 0
8127.92611604 4.06313054395e+20 1.46562923192e+21 0.0 56 202 0
8136.18620356 4.06313054395e+20 1.46562923192e+21 0.0 56 202 0
8144.44629107 4.06313054395e+20 1.46562923192e+21 0.0 56 202 0
8152.70637859 4.06313054395e+20 1.46562923192e+21 0.0 56 202 0
8160.96646611 4.06313054395e+20 1.46562923192e+21 0.0 56 202 0
8169.22655362 4.06313054395e+20 1.46562923192e+21 0.0 56 202 0
8177.48664114 4.06313054395e+20 1.46562923192e+21 0.0 56 202 0
8185.74672866 4.06313054395e+20 1.46562923192e+21 0.0 56 202 0
8194.00681617 4.06313054395e+20 1.46562923192e+21 0.0 56 202 0
8202.26690369 4.06313054395e+20 1.46562923192e+21 0.0 56 202 0
8210.52699121 4.06313054395e+20 1.46562923192e+21 0.0 56 202 0
8218.78707872 4.06313054395e+20 1.46562923192e+21 0.0 56 202 0
8227.04716624 4.06313054395e+20 1.46562923192e+21 0.0 56 202 0
8235.30725376 4.06313054395e+20 1.46562923192e+21 0.0 56 202 0
8243.56734127 4.06313054395e+20 1.46562923192e+21 0.0 56 202 0
8251.82742879 4.06313054395e+20 1.46562923192e+21 0.0 56 202 0
8260.08751631 4.06313054395e+20 1.46562923192e+21 0.0 56 202 0
8268.34760382 4.06313054395e+20 1.46562923192e+21 0.0 56 202 0
8276.60769134 4.06313054395e+20 1.46562923192e+21 0.0 56 202 0
8284.86777885 4.06313054395e+20 1.46562923192e+21 0.0 56 202 0
8293.12786637 4.06313054395e+20 1.46562923192e+21 0.0 56 202 0
8301.38795389 4.06313054395e+20 1.46562923192e+21 0.0 56 202 0
8309.6480414 4.06313054395e+20 1.46562923192e+21 0.0 56 202 0
8317.90812892 4.06313054395e+20 1.46562923192e+21 0.0 56 202 0
8326.16821644 4.06313054395e+20 1.46562923192e+21 0.0 56 202 0
8334.42830395 4.06313054395e+20 1.46562923192e+21 0.0 56 202 0
8342.68839147 4.06313054395e+20 1.46562923192e+21 0.0 56 202 0
8350.94847899 4.06313054395e+20 1.46562923192e+21 0.0 56 202 0
8359.2085665 4.06313054395e+20 1.46562923192e+21 0.0 56 202 0
8367.46865402 4.06313054395e+20 1.46562923192e+21 0.0 56 202 0
8375.72874154 4.06313054395e+20 1.46562923192e+21 0.0 56 202 0
8383.98882905 4.06313054395e+20 1.46562923192e+21 0.0 56 202 0
8392.24891657 4.06313054395e+20 1.46562923192e+21 0.0 56 202 0
8400.50900409 4.06313054395e+20 1.46562923192e+21 0.0 56 202 0
8408.7690916 4.06313054395e+20 1.46562923192e+21 0.0 56 202 0
8417.02917912 4.06313054395e+20 1.46562923192e+21 0.0 56 202 0
8425.28926664 4.06313054395e+20 1.46562923192e+21 0.0 56 202 0
8433.54935415 4.06313054395e+20 1.46562923192e+21 0.0 56 202 0
8441.80944167 4.06313054395e+20 1.46562923192e+21 0.0 56 202 0
8450.06952919 4.06313054395e+20 1.46562923192e+21 0.0 56 202 0
8458.3296167 4.06313054395e+20 1.46562923192e+21 0.0 56 202 0
8466.58970422 4.06313054395e+20 1.46562923192e+21 0.0 56 202 0
8474.84979174 4.06313054395e+20 1.46562923192e+21 0.0 56 202 0
8483.10987925 4.06313054395e+20 1.46562923192e+21 0.0 56 202 0
8491.36996677 4.06313054395e+20 1.46562923192e+21 0.0 56 202 0
8499.63005429 4.06313054395e+20 1.46562923192e+21 0.0 56 202 0
8507.8901418 4.06313054395e+20 1.46562923192e+21 0.0 56 202 0
8516.15022932 4.06313054395e+20 1.46562923192e+21 0.0 56 202 0
8524.41031684 4.06313054395e+20 1.46562923192e+21 0.0 56 202 0
8532.67040435 4.06313054395e+20 1.46562923192e+21 0.0 56 202 0
8540.93049187 3.91801873881e+20 1.46562923192e+21 0.0 54 202 0
8549.19057939 3.91801873881e+20 1.46562923192e+21 0.0 54 202 0
8557.4506669 3.91801873881e+20 1.46562923192e+21 0.0 54 202 0
8565.71075442 3.91801873881e+20 1.46562923192e+21 0.0 54 202 0
8573.97084194 3.91801873881e+20 1.46562923192e+21 0.0 54 202 0
8582.23092945 3.91801873881e+20 1.46562923192e+21 0.0 54 202 0
8590.49101697 3.91801873881e+20 1.46562923192e+21 0.0 54 202 0
8598.75110449 3.91801873881e+20 1.46562923192e+21 0.0 54 202 0
8607.011192 3.91801873881e+20 1.46562923192e+21 0.0 54 202 0
8615.27127952 3.91801873881e+20 1.46562923192e+21 0.0 54 202 0
8623.53136704 3.91801873881e+20 1.46562923192e+21 0.0 54 202 0
8631.79145455 3.91801873881e+20 1.46562923192e+21 0.0 54 202 0
8640.05154207 3.91801873881e+20 1.46562923192e+21 0.0 54 202 0
8648.31162959 3.91801873881e+20 1.46562923192e+21 0.0 54 202 0
8656.5717171 3.91801873881e+20 1.46562923192e+21 0.0 54 202 0
8664.83180462 3.91801873881e+20 1.46562923192e+21 0.0 54 202 0
8673.09189214 3.91801873881e+20 1.46562923192e+21 0.0 54 202 0
8681.35197965 3.91801873881e+20 1.46562923192e+21 0.0 54 202 0
8689.61206717 3.91801873881e+20 1.46562923192e+21 0.0 54 202 0
8697.87215469 3.91801873881e+20 1.46562923192e+21 0.0 54 202 0
8706.1322422 3.91801873881e+20 1.46562923192e+21 0.0 54 202 0
8714.39232972 3.91801873881e+20 1.46562923192e+21 0.0 54 202 0
8722.65241724 3.91801873881e+20 1.46562923192e+21 0.0 54 202 0
8730.91250475 3.91801873881e+20 1.46562923192e+21 0.0 54 202 0
8739.17259227 3.99057464138e+20 1.46562923192e+21 0.0 55 202 0
8747.43267979 3.99057464138e+20 1.46562923192e+21 0.0 55 202 0
8755.6927673 3.99057464138e+20 1.46562923192e+21 0.0 55 202 0
8763.95285482 3.99057464138e+20 1.46562923192e+21 0.0 55 202 0
8772.21294233 3.99057464138e+20 1.46562923192e+21 0.0 55 202 0
8780.47302985 3.99057464138e+20 1.46562923192e+21 0.0 55 202 0
8788.73311737 3.99057464138e+20 1.46562923192e+21 0.0 55 202 0
8796.99320488 3.99057464138e+20 1.46562923192e+21 0.0 55 202 0
8805.2532924 3.99057464138e+20 1.46562923192e+21 0.0 55 202 0
8813.51337992 3.99057464138e+20 1.46562923192e+21 0.0 55 202 0
8821.77346743 3.99057464138e+20 1.46562923192e+21 0.0 55 202 0
8830.03355495 3.99057464138e+20 1.46562923192e+21 0.0 55 202 0
8838.29364247 3.99057464138e+20 1.46562923192e+21 0.0 55 202 0
8846.55372998 3.99057464138e+20 1.46562923192e+21 0.0 55 202 0
8854.8138175 3.99057464138e+20 1.46562923192e+21 0.0 55 202 0
8863.07390502 3.99057464138e+20 1.46562923192e+21 0.0 55 202 0
8871.33399253 3.99057464138e+20 1.46562923192e+21 0.0 55 202 0
8879.59408005 3.99057464138e+20 1.46562923192e+21 0.0 55 202 0
8887.85416757 3.99057464138e+20 1.46562923192e+21 0.0 55 202 0
8896.11425508 3.99057464138e+20 1.46562923192e+21 0.0 55 202 0
8904.3743426 3.99057464138e+20 1.46562923192e+21 0.0 55 202 0
8912.63443012 3.99057464138e+20 1.46562923192e+21 0.0 55 202 0
8920.89451763 3.99057464138e+20 1.46562923192e+21 0.0 55 202 0
8929.15460515 3.99057464138e+20 1.46562923192e+21 0.0 55 202 0
8937.41469267 3.99057464138e+20 1.46562923192e+21 0.0 55 202 0
8945.67478018 3.99057464138e+20 1.46562923192e+21 0.0 55 202 0
8953.9348677 3.99057464138e+20 1.46562923192e+21 0.0 55 202 0
8962.19495522 3.99057464138e+20 1.46562923192e+21 0.0 55 202 0
8970.45504273 3.99057464138e+20 1.46562923192e+21 0.0 55 202 0
8978.71513025 3.99057464138e+20 1.46562923192e+21 0.0 55 202 0
8986.97521777 3.99057464138e+20 1.46562923192e+21 0.0 55 202 0
8995.23530528 3.99057464138e+20 1.46562923192e+21 0.0 55 202 0
9003.4953928 3.99057464138e+20 1.46562923192e+21 0.0 55 202 0
9011.75548032 3.99057464138e+20 1.46562923192e+21 0.0 55 202 0
9020.01556783 3.99057464138e+20 1.46562923192e+21 0.0 55 202 0
9028.27565535 3.99057464138e+20 1.46562923192e+21 0.0 55 202 0
9036.53574287 3.99057464138e+20 1.46562923192e+21 0.0 55 202 0
9044.79583038 3.99057464138e+20 1.46562923192e+21 0.0 55 202 0
9053.0559179 3.99057464138e+20 1.46562923192e+21 0.0 55 202 0
9061.31600542 3.99057464138e+20 1.46562923192e+21 0.0 55 202 0
9069.57609293 3.99057464138e+20 1.46562923192e+21 0.0 55 202 0
9077.83618045 3.99057464138e+20 1.46562923192e+21 0.0 55 202 0
9086.09626797 3.99057464138e+20 1.46562923192e+21 0.0 55 202 0
9094.35635548 3.99057464138e+20 1.46562923192e+21 0.0 55 202 0
9102.616443 3.99057464138e+20 1.46562923192e+21 0.0 55 202 0
9110.87653052 3.99057464138e+20 1.46562923192e+21 0.0 55 202 0
9119.13661803 3.99057464138e+20 1.46562923192e+21 0.0 55 202 0
9127.39670555 3.99057464138e+20 1.46562923192e+21 0.0 55 202 0
9135.65679307 3.99057464138e+20 1.46562923192e+21 0.0 55 202 0
9143.91688058 3.99057464138e+20 1.46562923192e+21 0.0 55 202 0
9152.1769681 3.99057464138e+20 1.46562923192e+21 0.0 55 202 0
9160.43705562 3.99057464138e+20 1.46562923192e+21 0.0 55 202 0
9168.69714313 3.99057464138e+20 1.46562923192e+21 0.0 55 202 0
9176.95723065 3.99057464138e+20 1.46562923192e+21 0.0 55 202 0
9185.21731817 3.99057464138e+20 1.46562923192e+21 0.0 55 202 0
9193.47740568 3.99057464138e+20 1.46562923192e+21 0.0 55 202 0
9201.7374932 3.99057464138e+20 1.46562923192e+21 0.0 55 202 0
9209.99758072 3.99057464138e+20 1.46562923192e+21 0.0 55 202 0
9218.25766823 3.99057464138e+20 1.46562923192e+21 0.0 55 202 0
9226.51775575 3.99057464138e+20 1.46562923192e+21 0.0 55 202 0
9234.77784327 3.99057464138e+20 1.46562923192e+21 0.0 55 202 0
9243.03793078 3.99057464138e+20 1.46562923192e+21 0.0 55 202 0
9251.2980183 3.99057464138e+20 1.46562923192e+21 0.0 55 202 0
9259.55810582 3.99057464138e+20 1.46562923192e+21 0.0 55 202 0
9267.81819333 3.99057464138e+20 1.46562923192e+21 0.0 55 202 0
9276.07828085 3.99057464138e+20 1.46562923192e+21 0.0 55 202 0
9284.33836836 3.99057464138e+20 1.46562923192e+21 0.0 55 202 0
9292.59845588 3.99057464138e+20 1.46562923192e+21 0.0 55 202 0
9300.8585434 3.99057464138e+20 1.46562923192e+21 0.0 55 202 0
9309.11863091 3.99057464138e+20 1.46562923192e+21 0.0 55 202 0
9317.37871843 3.99057464138e+20 1.46562923192e+21 0.0 55 202 0
9325.63880595 3.99057464138e+20 1.46562923192e+21 0.0 55 202 0
9333.89889346 3.99057464138e+20 1.46562923192e+21 0.0 55 202 0
9342.15898098 3.99057464138e+20 1.46562923192e+21 0.0 55 202 0
9350.4190685 3.99057464138e+20 1.46562923192e+21 0.0 55 202 0
9358.67915601 3.99057464138e+20 1.46562923192e+21 0.0 55 202 0
9366.93924353 3.99057464138e+20 1.46562923192e+21 0.0 55 202 0
9375.19933105 3.99057464138e+20 1.46562923192e+21 0.0 55 202 0
9383.45941856 3.99057464138e+20 1.46562923192e+21 0.0 55 202 0
9391.71950608 3.99057464138e+20 1.46562923192e+21 0.0 55 202 0
9399.9795936 3.99057464138e+20 1.46562923192e+21 0.0 55 202 0
9408.23968111 3.99057464138e+20 1.46562923192e+21 0.0 55 202 0
9416.49976863 3.99057464138e+20 1.46562923192e+21 0.0 55 202 0
9424.75985615 3.99057464138e+20 1.46562923192e+21 0.0 55 202 0
9433.01994366 3.99057464138e+20 1.46562923192e+21 0.0 55 202 0
9441.28003118 3.99057464138e+20 1.46562923192e+21 0.0 55 202 0
9449.5401187 3.99057464138e+20 1.46562923192e+21 0.0 55 202 0
9457.80020621 3.99057464138e+20 1.46562923192e+21 0.0 55 202 0
9466.06029373 3.99057464138e+20 1.46562923192e+21 0.0 55 202 0
9474.32038125 3.99057464138e+20 1.46562923192e+21 0.0 55 202 0
9482.58046876 3.99057464138e+20 1.46562923192e+21 0.0 55 202 0
9490.84055628 3.99057464138e+20 1.46562923192e+21 0.0 55 202 0
9499.1006438 3.99057464138e+20 1.46562923192e+21 0.0 55 202 0
9507.36073131 3.99057464138e+20 1.46562923192e+21 0.0 55 202 0
9515.62081883 3.99057464138e+20 1.46562923192e+21 0.0 55 202 0
9523.88090635 3.99057464138e+20 1.46562923192e+21 0.0 55 202 0
9532.14099386 3.99057464138e+20 1.46562923192e+21 0.0 55 202 0
9540.40108138 3.99057464138e+20 1.46562923192e+21 0.0 55 202 0
9548.6611689 3.99057464138e+20 1.46562923192e+21 0.0 55 202 0
9556.92125641 3.99057464138e+20 1.46562923192e+21 0.0 55 202 0
9565.18134393 3.99057464138e+20 1.46562923192e+21 0.0 55 202 0
9573.44143145 3.99057464138e+20 1.46562923192e+21 0.0 55 202 0
9581.70151896 3.99057464138e+20 1.46562923192e+21 0.0 55 202 0
9589.96160648 3.99057464138e+20 1.46562923192e+21 0.0 55 202 0
9598.221694 3.99057464138e+20 1.46562923192e+21 0.0 55 202 0
9606.48178151 3.99057464138e+20 1.46562923192e+21 0.0 55 202 0
9614.74186903 3.99057464138e+20 1.46562923192e+21 0.0 55 202 0
9623.00195655 3.99057464138e+20 1.46562923192e+21 0.0 55 202 0
9631.26204406 3.99057464138e+20 1.46562923192e+21 0.0 55 202 0
9639.52213158 3.99057464138e+20 1.46562923192e+21 0.0 55 202 0
9647.7822191 3.99057464138e+20 1.46562923192e+21 0.0 55 202 0
9656.04230661 3.99057464138e+20 1.46562923192e+21 0.0 55 202 0
9664.30239413 3.99057464138e+20 1.46562923192e+21 0.0 55 202 0
9672.56248165 3.99057464138e+20 1.46562923192e+21 0.0 55 202 0
9680.82256916 3.99057464138e+20 1.46562923192e+21 0.0 55 202 0
9689.08265668 3.99057464138e+20 1.46562923192e+21 0.0 55 202 0
9697.3427442 3.99057464138e+20 1.46562923192e+21 0.0 55 202 0
9705.60283171 3.99057464138e+20 1.46562923192e+21 0.0 55 202 0
9713.86291923 3.99057464138e+20 1.46562923192e+21 0.0 55 202 0
9722.12300675 3.91801873881e+20 1.46562923192e+21 0.0 54 202 0
9730.38309426 3.91801873881e+20 1.46562923192e+21 0.0 54 202 0
9738.64318178 3.91801873881e+20 1.46562923192e+21 0.0 54 202 0
9746.9032693 3.91801873881e+20 1.46562923192e+21 0.0 54 202 0
9755.16335681 3.91801873881e+20 1.46562923192e+21 0.0 54 202 0
9763.42344433 3.91801873881e+20 1.46562923192e+21 0.0 54 202 0
9771.68353185 3.91801873881e+20 1.46562923192e+21 0.0 54 202 0
9779.94361936 3.91801873881e+20 1.46562923192e+21 0.0 54 202 0
9788.20370688 3.91801873881e+20 1.46562923192e+21 0.0 54 202 0
9796.46379439 3.91801873881e+20 1.46562923192e+21 0.0 54 202 0
9804.72388191 3.91801873881e+20 1.46562923192e+21 0.0 54 202 0
9812.98396943 3.91801873881e+20 1.46562923192e+21 0.0 54 202 0
9821.24405694 3.91801873881e+20 1.46562923192e+21 0.0 54 202 0
9829.50414446 3.91801873881e+20 1.46562923192e+21 0.0 54 202 0
9837.76423198 3.91801873881e+20 1.46562923192e+21 0.0 54 202 0
9846.02431949 3.91801873881e+20 1.46562923192e+21 0.0 54 202 0
9854.28440701 3.91801873881e+20 1.46562923192e+21 0.0 54 202 0
9862.54449453 3.91801873881e+20 1.46562923192e+21 0.0 54 202 0
9870.80458204 3.91801873881e+20 1.46562923192e+21 0.0 54 202 0
9879.06466956 3.91801873881e+20 1.46562923192e+21 0.0 54 202 0
9887.32475708 3.91801873881e+20 1.46562923192e+21 0.0 54 202 0
9895.58484459 3.91801873881e+20 1.46562923192e+21 0.0 54 202 0
9903.84493211 3.91801873881e+20 1.46562923192e+21 0.0 54 202 0
9912.10501963 3.91801873881e+20 1.46562923192e+21 0.0 54 202 0
9920.36510714 3.91801873881e+20 1.46562923192e+21 0.0 54 202 0
9928.62519466 3.91801873881e+20 1.46562923192e+21 0.0 54 202 0
9936.88528218 3.91801873881e+20 1.46562923192e+21 0.0 54 202 0
9945.14536969 3.99057464138e+20 1.46562923192e+21 0.0 55 202 0
9953.40545721 3.99057464138e+20 1.46562923192e+21 0.0 55 202 0
9961.66554473 3.99057464138e+20 1.46562923192e+21 0.0 55 202 0
9969.92563224 3.99057464138e+20 1.46562923192e+21 0.0 55 202 0
9978.18571976 3.99057464138e+20 1.46562923192e+21 0.0 55 202 0
9986.44580728 3.99057464138e+20 1.46562923192e+21 0.0 55 202 0
9994.70589479 3.99057464138e+20 1.46562923192e+21 0.0 55 202 0
10002.9659823 3.99057464138e+20 1.46562923192e+21 0.0 55 202 0
10011.2260698 3.99057464138e+20 1.46562923192e+21 0.0 55 202 0
10019.4861573 3.99057464138e+20 1.46562923192e+21 0.0 55 202 0
10027.7462449 3.99057464138e+20 1.46562923192e+21 0.0 55 202 0
10036.0063324 3.99057464138e+20 1.46562923192e+21 0.0 55 202 0
10044.2664199 3.99057464138e+20 1.46562923192e+21 0.0 55 202 0
10052.5265074 3.99057464138e+20 1.46562923192e+21 0.0 55 202 0
10060.7865949 3.99057464138e+20 1.46562923192e+21 0.0 55 202 0
10069.0466824 3.99057464138e+20 1.46562923192e+21 0.0 55 202 0
10077.30677 3.99057464138e+20 1.46562923192e+21 0.0 55 202 0
10085.5668575 3.99057464138e+20 1.46562923192e+21 0.0 55 202 0
10093.826945 3.99057464138e+20 1.46562923192e+21 0.0 55 202 0
10102.0870325 3.99057464138e+20 1.46562923192e+21 0.0 55 202 0
10110.34712 3.99057464138e+20 1.46562923192e+21 0.0 55 202 0
10118.6072075 3.99057464138e+20 1.46562923192e+21 0.0 55 202 0
10126.8672951 3.99057464138e+20 1.46562923192e+21 0.0 55 202 0
10135.1273826 3.99057464138e+20 1.46562923192e+21 0.0 55 202 0
10143.3874701 3.99057464138e+20 1.46562923192e+21 0.0 55 202 0
10151.6475576 3.99057464138e+20 1.46562923192e+21 0.0 55 202 0
10159.9076451 3.99057464138e+20 1.46562923192e+21 0.0 55 202 0
10168.1677326 3.99057464138e+20 1.46562923192e+21 0.0 55 202 0
10176.4278202 3.99057464138e+20 1.46562923192e+21 0.0 55 202 0
10184.6879077 3.99057464138e+20 1.46562923192e+21 0.0 55 202 0
10192.9479952 3.99057464138e+20 1.46562923192e+21 0.0 55 202 0
10201.2080827 3.99057464138e+20 1.46562923192e+21 0.0 55 202 0
10209.4681702 3.99057464138e+20 1.46562923192e+21 0.0 55 202 0
10217.7282577 3.99057464138e+20 1.46562923192e+21 0.0 55 202 0
10225.9883453 3.99057464138e+20 1.46562923192e+21 0.0 55 202 0
10234.2484328 3.99057464138e+20 1.46562923192e+21 0.0 55 202 0
10242.5085203 3.99057464138e+20 1.46562923192e+21 0.0 55 202 0
10250.7686078 3.99057464138e+20 1.46562923192e+21 0.0 55 202 0
10259.0286953 3.99057464138e+20 1.46562923192e+21 0.0 55 202 0
10267.2887828 3.99057464138e+20 1.46562923192e+21 0.0 55 202 0
10275.5488704 3.99057464138e+20 1.46562923192e+21 0.0 55 202 0
10283.8089579 3.99057464138e+20 1.46562923192e+21 0.0 55 202 0
10292.0690454 3.99057464138e+20 1.46562923192e+21 0.0 55 202 0
10300.3291329 3.99057464138e+20 1.46562923192e+21 0.0 55 202 0
10308.5892204 3.99057464138e+20 1.46562923192e+21 0.0 55 202 0
10316.8493079 3.99057464138e+20 1.46562923192e+21 0.0 55 202 0
10325.1093955 3.99057464138e+20 1.46562923192e+21 0.0 55 202 0
10333.369483 3.99057464138e+20 1.46562923192e+21 0.0 55 202 0
10341.6295705 3.99057464138e+20 1.46562923192e+21 0.0 55 202 0
10349.889658 3.99057464138e+20 1.46562923192e+21 0.0 55 202 0
10358.1497455 3.99057464138e+20 1.46562923192e+21 0.0 55 202 0
10366.409833 3.99057464138e+20 1.46562923192e+21 0.0 55 202 0
10374.6699206 3.99057464138e+20 1.46562923192e+21 0.0 55 202 0
10382.9300081 3.99057464138e+20 1.46562923192e+21 0.0 55 202 0
10391.1900956 3.91801873881e+20 1.46562923192e+21 0.0 54 202 0
10399.4501831 3.91801873881e+20 1.46562923192e+21 0.0 54 202 0
10407.7102706 3.91801873881e+20 1.46562923192e+21 0.0 54 202 0
10415.9703581 3.91801873881e+20 1.46562923192e+21 0.0 54 202 0
10424.2304457 3.91801873881e+20 1.46562923192e+21 0.0 54 202 0
10432.4905332 3.91801873881e+20 1.46562923192e+21 0.0 54 202 0
10440.7506207 3.91801873881e+20 1.46562923192e+21 0.0 54 202 0
10449.0107082 3.91801873881e+20 1.46562923192e+21 0.0 54 202 0
10457.2707957 3.91801873881e+20 1.46562923192e+21 0.0 54 202 0
10465.5308832 3.91801873881e+20 1.46562923192e+21 0.0 54 202 0
10473.7909708 3.91801873881e+20 1.46562923192e+21 0.0 54 202 0
10482.0510583 3.91801873881e+20 1.46562923192e+21 0.0 54 202 0
10490.3111458 3.91801873881e+20 1.46562923192e+21 0.0 54 202 0
10498.5712333 3.91801873881e+20 1.46562923192e+21 0.0 54 202 0
10506.8313208 3.91801873881e+20 1.46562923192e+21 0.0 54 202 0
10515.0914083 3.99057464138e+20 1.46562923192e+21 0.0 55 202 0
10523.3514959 3.99057464138e+20 1.46562923192e+21 0.0 55 202 0
10531.6115834 3.99057464138e+20 1.46562923192e+21 0.0 55 202 0
10539.8716709 3.99057464138e+20 1.46562923192e+21 0.0 55 202 0
10548.1317584 3.99057464138e+20 1.46562923192e+21 0.0 55 202 0
10556.3918459 3.99057464138e+20 1.46562923192e+21 0.0 55 202 0
10564.6519334 3.99057464138e+20 1.46562923192e+21 0.0 55 202 0
10572.912021 3.99057464138e+20 1.46562923192e+21 0.0 55 202 0
10581.1721085 3.99057464138e+20 1.46562923192e+21 0.0 55 202 0
10589.432196 3.99057464138e+20 1.46562923192e+21 0.0 55 202 0
10597.6922835 3.99057464138e+20 1.46562923192e+21 0.0 55 202 0
10605.952371 3.99057464138e+20 1.46562923192e+21 0.0 55 202 0
10614.2124585 3.99057464138e+20 1.46562923192e+21 0.0 55 202 0
10622.4725461 3.99057464138e+20 1.46562923192e+21 0.0 55 202 0
10630.7326336 3.99057464138e+20 1.46562923192e+21 0.0 55 202 0
10638.9927211 3.99057464138e+20 1.46562923192e+21 0.0 55 202 0
10647.2528086 3.99057464138e+20 1.46562923192e+21 0.0 55 202 0
10655.5128961 3.99057464138e+20 1.46562923192e+21 0.0 55 202 0
10663.7729836 3.99057464138e+20 1.46562923192e+21 0.0 55 202 0
10672.0330712 3.99057464138e+20 1.46562923192e+21 0.0 55 202 0
10680.2931587 3.99057464138e+20 1.46562923192e+21 0.0 55 202 0
10688.5532462 3.99057464138e+20 1.46562923192e+21 0.0 55 202 0
10696.8133337 3.99057464138e+20 1.46562923192e+21 0.0 55 202 0
10705.0734212 3.99057464138e+20 1.46562923192e+21 0.0 55 202 0
10713.3335087 3.99057464138e+20 1.46562923192e+21 0.0 55 202 0
10721.5935963 3.99057464138e+20 1.46562923192e+21 0.0 55 202 0
10729.8536838 3.99057464138e+20 1.46562923192e+21 0.0 55 202 0
10738.1137713 3.99057464138e+20 1.46562923192e+21 0.0 55 202 0
10746.3738588 3.99057464138e+20 1.46562923192e+21 0.0 55 202 0
10754.6339463 3.99057464138e+20 1.46562923192e+21 0.0 55 202 0
10762.8940338 3.99057464138e+20 1.46562923192e+21 0.0 55 202 0
10771.1541214 3.99057464138e+20 1.46562923192e+21 0.0 55 202 0
10779.4142089 3.99057464138e+20 1.46562923192e+21 0.0 55 202 0
10787.6742964 3.99057464138e+20 1.46562923192e+21 0.0 55 202 0
10795.9343839 3.99057464138e+20 1.46562923192e+21 0.0 55 202 0
10804.1944714 3.99057464138e+20 1.46562923192e+21 0.0 55 202 0
10812.4545589 3.99057464138e+20 1.46562923192e+21 0.0 55 202 0
10820.7146465 3.99057464138e+20 1.46562923192e+21 0.0 55 202 0
10828.974734 3.99057464138e+20 1.46562923192e+21 0.0 55 202 0
10837.2348215 3.91801873881e+20 1.46562923192e+21 0.0 54 202 0
10845.494909 3.91801873881e+20 1.46562923192e+21 0.0 54 202 0
10853.7549965 3.91801873881e+20 1.46562923192e+21 0.0 54 202 0
10862.015084 3.91801873881e+20 1.46562923192e+21 0.0 54 202 0
10870.2751716 3.91801873881e+20 1.46562923192e+21 0.0 54 202 0
10878.5352591 3.91801873881e+20 1.46562923192e+21 0.0 54 202 0
10886.7953466 3.91801873881e+20 1.46562923192e+21 0.0 54 202 0
10895.0554341 3.91801873881e+20 1.46562923192e+21 0.0 54 202 0
10903.3155216 3.99057464138e+20 1.46562923192e+21 0.0 55 202 0
10911.5756091 3.99057464138e+20 1.46562923192e+21 0.0 55 202 0
10919.8356967 3.99057464138e+20 1.46562923192e+21 0.0 55 202 0
10928.0957842 3.99057464138e+20 1.46562923192e+21 0.0 55 202 0
10936.3558717 3.91801873881e+20 1.46562923192e+21 0.0 54 202 0
10944.6159592 3.91801873881e+20 1.46562923192e+21 0.0 54 202 0
10952.8760467 3.91801873881e+20 1.46562923192e+21 0.0 54 202 0
10961.1361342 3.91801873881e+20 1.46562923192e+21 0.0 54 202 0
10969.3962218 3.91801873881e+20 1.46562923192e+21 0.0 54 202 0
10977.6563093 3.91801873881e+20 1.46562923192e+21 0.0 54 202 0
10985.9163968 3.91801873881e+20 1.46562923192e+21 0.0 54 202 0
10994.1764843 3.91801873881e+20 1.46562923192e+21 0.0 54 202 0
11002.4365718 3.91801873881e+20 1.46562923192e+21 0.0 54 202 0
11010.6966593 3.91801873881e+20 1.46562923192e+21 0.0 54 202 0
11018.9567469 3.91801873881e+20 1.46562923192e+21 0.0 54 202 0
11027.2168344 3.91801873881e+20 1.46562923192e+21 0.0 54 202 0
11035.4769219 3.91801873881e+20 1.46562923192e+21 0.0 54 202 0
11043.7370094 3.91801873881e+20 1.46562923192e+21 0.0 54 202 0
11051.9970969 3.91801873881e+20 1.46562923192e+21 0.0 54 202 0
11060.2571844 3.91801873881e+20 1.46562923192e+21 0.0 54 202 0
11068.517272 3.91801873881e+20 1.46562923192e+21 0.0 54 202 0
11076.7773595 3.91801873881e+20 1.46562923192e+21 0.0 54 202 0
11085.037447 3.91801873881e+20 1.46562923192e+21 0.0 54 202 0
11093.2975345 3.91801873881e+20 1.46562923192e+21 0.0 54 202 0
11101.557622 3.91801873881e+20 1.46562923192e+21 0.0 54 202 0
11109.8177095 3.91801873881e+20 1.46562923192e+21 0.0 54 202 0
11118.0777971 3.91801873881e+20 1.46562923192e+21 0.0 54 202 0
11126.3378846 3.91801873881e+20 1.46562923192e+21 0.0 54 202 0
11134.5979721 3.91801873881e+20 1.46562923192e+21 0.0 54 202 0
11142.8580596 3.91801873881e+20 1.46562923192e+21 0.0 54 202 0
11151.1181471 3.91801873881e+20 1.46562923192e+21 0.0 54 202 0
11159.3782346 3.91801873881e+20 1.46562923192e+21 0.0 54 202 0
11167.6383222 3.91801873881e+20 1.46562923192e+21 0.0 54 202 0
11175.8984097 3.91801873881e+20 1.46562923192e+21 0.0 54 202 0
11184.1584972 3.91801873881e+20 1.46562923192e+21 0.0 54 202 0
11192.4185847 3.99057464138e+20 1.46562923192e+21 0.0 55 202 0
11200.6786722 3.99057464138e+20 1.46562923192e+21 0.0 55 202 0
11208.9387597 3.99057464138e+20 1.46562923192e+21 0.0 55 202 0
11217.1988473 3.99057464138e+20 1.46562923192e+21 0.0 55 202 0
11225.4589348 3.99057464138e+20 1.46562923192e+21 0.0 55 202 0
11233.7190223 3.99057464138e+20 1.46562923192e+21 0.0 55 202 0
11241.9791098 3.99057464138e+20 1.46562923192e+21 0.0 55 202 0
11250.2391973 3.99057464138e+20 1.46562923192e+21 0.0 55 202 0
11258.4992848 3.99057464138e+20 1.46562923192e+21 0.0 55 202 0
11266.7593724 3.99057464138e+20 1.46562923192e+21 0.0 55 202 0
11275.0194599 3.99057464138e+20 1.46562923192e+21 0.0 55 202 0
11283.2795474 3.99057464138e+20 1.46562923192e+21 0.0 55 202 0
11291.5396349 3.99057464138e+20 1.46562923192e+21 0.0 55 202 0
11299.7997224 3.99057464138e+20 1.46562923192e+21 0.0 55 202 0
11308.0598099 3.99057464138e+20 1.46562923192e+21 0.0 55 202 0
11316.3198975 3.99057464138e+20 1.46562923192e+21 0.0 55 202 0
11324.579985 3.99057464138e+20 1.46562923192e+21 0.0 55 202 0
11332.8400725 3.99057464138e+20 1.46562923192e+21 0.0 55 202 0
