0.0 0.0 3.38836065004e+21
8.26008751617 0.0 3.38836065004e+21
16.5201750323 0.0 3.38836065004e+21
24.7802625485 0.0 3.38836065004e+21
33.0403500647 6.53003123134e+19 3.31580474747e+21
41.3004375808 2.17667707711e+20 3.15618176182e+21
49.560525097 3.33757151824e+20 3.02558113719e+21
57.8206126132 5.87702810821e+20 2.71359075614e+21
66.0807001293 8.99693191874e+20 2.34355565303e+21
74.3407876455 1.29149506575e+21 1.87919787658e+21
82.6008751617 1.49465159295e+21 1.61799662732e+21
90.8609626779 1.55269631501e+21 1.48014041244e+21
99.121050194 1.69055252989e+21 1.27698388524e+21
107.38113771 1.81389756426e+21 1.08833853856e+21
115.641225226 1.95175377915e+21 8.56159650332e+20
123.901312743 2.02430968172e+21 6.82025484163e+20
132.161400259 2.11863235506e+21 5.44169269279e+20
140.421487775 2.15491030634e+21 4.64357776451e+20
148.681575291 2.14039912583e+21 4.20824234909e+20
156.941662807 2.13314353557e+21 3.77290693367e+20
165.201750323 2.13314353557e+21 3.33757151824e+20
173.46183784 2.14039912583e+21 2.90223610282e+20
181.721925356 2.1621658966e+21 2.32178888226e+20
189.982012872 2.13314353557e+21 2.03156527197e+20
198.242100388 2.1621658966e+21 1.74134166169e+20
206.502187904 2.17667707711e+21 1.30600624627e+20
214.76227542 2.20569943814e+21 1.08833853856e+20
223.022362937 2.22021061866e+21 1.08833853856e+20
231.282450453 2.22021061866e+21 1.01578263599e+20
239.542537969 2.2129550284e+21 1.01578263599e+20
247.802625485 2.22021061866e+21 8.70670830846e+19
256.062713001 2.23472179917e+21 7.98114928275e+19
264.322800517 2.23472179917e+21 7.98114928275e+19
272.582888034 2.24923297969e+21 6.53003123134e+19
280.84297555 2.24197738943e+21 5.07891317993e+19
289.103063066 2.24197738943e+21 4.35335415423e+19
297.363150582 2.2637441602e+21 4.35335415423e+19
305.623238098 2.27099975046e+21 4.35335415423e+19
313.883325614 2.27825534071e+21 4.35335415423e+19
322.143413131 2.27825534071e+21 4.35335415423e+19
330.403500647 2.28551093097e+21 4.35335415423e+19
338.663588163 2.30002211148e+21 4.35335415423e+19
346.923675679 2.30727770174e+21 4.35335415423e+19
355.183763195 2.314533292e+21 4.35335415423e+19
363.443850711 2.314533292e+21 4.35335415423e+19
371.703938227 2.32904447251e+21 4.35335415423e+19
379.964025743 2.314533292e+21 4.35335415423e+19
388.22411326 2.30002211148e+21 4.35335415423e+19
396.484200776 2.30002211148e+21 4.35335415423e+19
404.744288292 2.28551093097e+21 4.35335415423e+19
413.004375808 2.27099975046e+21 4.35335415423e+19
421.264463324 2.25648856994e+21 4.35335415423e+19
429.52455084 2.24923297969e+21 4.35335415423e+19
437.784638356 2.24197738943e+21 4.35335415423e+19
446.044725873 2.23472179917e+21 4.35335415423e+19
454.304813389 2.23472179917e+21 4.35335415423e+19
462.564900905 2.2129550284e+21 4.35335415423e+19
470.824988421 2.20569943814e+21 4.35335415423e+19
479.085075937 2.19844384789e+21 4.35335415423e+19
487.345163453 2.19118825763e+21 4.35335415423e+19
495.605250969 2.18393266737e+21 4.35335415423e+19
503.865338486 2.17667707711e+21 4.35335415423e+19
512.125426002 2.16942148686e+21 4.35335415423e+19
520.385513518 2.16942148686e+21 4.35335415423e+19
528.645601034 2.14765471609e+21 4.35335415423e+19
536.90568855 2.15491030634e+21 4.35335415423e+19
545.165776066 2.13314353557e+21 4.35335415423e+19
553.425863582 2.12588794532e+21 4.35335415423e+19
561.685951098 2.11863235506e+21 4.35335415423e+19
569.946038615 2.10412117454e+21 4.35335415423e+19
578.206126131 2.07509881352e+21 4.35335415423e+19
586.466213647 2.06784322326e+21 4.35335415423e+19
594.726301163 2.05333204275e+21 4.35335415423e+19
602.986388679 2.03882086223e+21 4.35335415423e+19
611.246476195 2.02430968172e+21 4.35335415423e+19
619.506563711 2.01705409146e+21 4.35335415423e+19
627.766651228 2.01705409146e+21 4.35335415423e+19
636.026738744 2.0097985012e+21 4.35335415423e+19
644.28682626 1.99528732069e+21 4.35335415423e+19
652.546913776 1.97352054992e+21 4.35335415423e+19
660.807001292 1.9590093694e+21 4.35335415423e+19
669.067088809 1.9082202376e+21 4.35335415423e+19
677.327176325 1.90096464735e+21 4.35335415423e+19
685.587263841 1.88645346683e+21 4.35335415423e+19
693.847351357 1.88645346683e+21 4.35335415423e+19
702.107438874 1.8574311058e+21 4.35335415423e+19
710.36752639 1.85017551555e+21 4.35335415423e+19
718.627613906 1.82840874478e+21 4.35335415423e+19
726.887701422 1.78487520323e+21 4.35335415423e+19
735.147788938 1.78487520323e+21 4.35335415423e+19
743.407876455 1.78487520323e+21 4.35335415423e+19
751.667963971 1.78487520323e+21 4.35335415423e+19
759.928051487 1.79213079349e+21 4.35335415423e+19
768.188139003 1.79213079349e+21 4.35335415423e+19
776.448226519 1.79213079349e+21 4.35335415423e+19
784.708314036 1.76310843246e+21 4.35335415423e+19
792.968401552 1.73408607143e+21 4.35335415423e+19
801.228489068 1.73408607143e+21 4.35335415423e+19
809.488576584 1.71957489092e+21 4.35335415423e+19
817.7486641 1.71231930066e+21 4.35335415423e+19
826.008751617 1.69780812015e+21 4.35335415423e+19
834.268839133 1.68329693964e+21 4.35335415423e+19
842.528926649 1.66153016886e+21 4.35335415423e+19
850.789014165 1.63976339809e+21 4.35335415423e+19
859.049101681 1.61799662732e+21 4.35335415423e+19
867.309189198 1.60348544681e+21 4.35335415423e+19
875.569276714 1.58897426629e+21 4.35335415423e+19
883.82936423 1.56720749552e+21 4.35335415423e+19
892.089451746 1.54544072475e+21 4.35335415423e+19
900.349539262 1.53818513449e+21 4.35335415423e+19
908.609626779 1.53092954424e+21 4.35335415423e+19
916.869714295 1.53818513449e+21 4.35335415423e+19
925.129801811 1.51641836372e+21 4.35335415423e+19
933.389889327 1.52367395398e+21 4.35335415423e+19
941.649976843 1.4873960027e+21 4.35335415423e+19
949.91006436 1.47288482218e+21 4.35335415423e+19
958.170151876 1.42935128064e+21 4.35335415423e+19
966.430239392 1.42935128064e+21 4.35335415423e+19
974.690326908 1.42935128064e+21 4.35335415423e+19
982.950414424 1.42935128064e+21 4.35335415423e+19
991.210501941 1.41484010012e+21 4.35335415423e+19
999.470589457 1.40758450987e+21 4.35335415423e+19
1007.73067697 1.39307332935e+21 4.35335415423e+19
1015.99076449 1.37856214884e+21 4.35335415423e+19
1024.25085201 1.35679537807e+21 4.35335415423e+19
1032.51093952 1.35679537807e+21 4.35335415423e+19
1040.77102704 1.34953978781e+21 4.35335415423e+19
1049.03111455 1.3350286073e+21 4.35335415423e+19
1057.29120207 1.32051742678e+21 4.35335415423e+19
1065.55128959 1.29875065601e+21 4.35335415423e+19
1073.8113771 1.29875065601e+21 4.35335415423e+19
1082.07146462 1.27698388524e+21 4.35335415423e+19
1090.33155214 1.26972829498e+21 4.35335415423e+19
1098.59163965 1.24796152421e+21 4.35335415423e+19
1106.85172717 1.2334503437e+21 4.35335415423e+19
1115.11181468 1.22619475344e+21 4.35335415423e+19
1123.3719022 1.21168357293e+21 4.35335415423e+19
1131.63198972 1.20442798267e+21 4.35335415423e+19
1139.89207723 1.21168357293e+21 4.35335415423e+19
1148.15216475 1.21893916318e+21 4.35335415423e+19
1156.41225226 1.21168357293e+21 4.35335415423e+19
1164.67233978 1.21168357293e+21 4.35335415423e+19
1172.9324273 1.21893916318e+21 4.35335415423e+19
1181.19251481 1.21893916318e+21 4.35335415423e+19
1189.45260233 1.19717239241e+21 4.35335415423e+19
1197.71268985 1.18991680216e+21 4.35335415423e+19
1205.97277736 1.14638326061e+21 4.35335415423e+19
1214.23286488 1.13912767036e+21 4.35335415423e+19
1222.49295239 1.13912767036e+21 4.35335415423e+19
1230.75303991 1.11010530933e+21 4.35335415423e+19
1239.01312743 1.12461648984e+21 4.35335415423e+19
1247.27321494 1.12461648984e+21 4.35335415423e+19
1255.53330246 1.12461648984e+21 4.35335415423e+19
1263.79338997 1.11736089959e+21 4.35335415423e+19
1272.05347749 1.11736089959e+21 4.35335415423e+19
1280.31356501 1.10284971907e+21 4.35335415423e+19
1288.57365252 1.10284971907e+21 4.35335415423e+19
1296.83374004 1.08833853856e+21 4.35335415423e+19
1305.09382756 1.10284971907e+21 4.35335415423e+19
1313.35391507 1.07382735804e+21 4.35335415423e+19
1321.61400259 1.0810829483e+21 4.35335415423e+19
1329.8740901 1.07382735804e+21 4.35335415423e+19
1338.13417762 1.06657176779e+21 4.35335415423e+19
1346.39426514 1.07382735804e+21 4.35335415423e+19
1354.65435265 1.07382735804e+21 4.35335415423e+19
1362.91444017 1.08833853856e+21 4.35335415423e+19
1371.17452768 1.08833853856e+21 4.35335415423e+19
1379.4346152 1.08833853856e+21 4.35335415423e+19
1387.69470272 1.06657176779e+21 4.35335415423e+19
1395.95479023 1.05931617753e+21 4.35335415423e+19
1404.21487775 1.05206058727e+21 4.35335415423e+19
1412.47496526 1.05206058727e+21 4.35335415423e+19
1420.73505278 1.03754940676e+21 4.35335415423e+19
1428.9951403 1.03754940676e+21 4.35335415423e+19
1437.25522781 1.05206058727e+21 4.35335415423e+19
1445.51531533 1.04480499702e+21 4.35335415423e+19
1453.77540284 1.02303822624e+21 4.35335415423e+19
1462.03549036 1.00852704573e+21 4.35335415423e+19
1470.29557788 1.00852704573e+21 4.35335415423e+19
1478.55566539 1.00852704573e+21 4.35335415423e+19
1486.81575291 9.86760274959e+20 4.35335415423e+19
1495.07584042 9.79504684702e+20 4.35335415423e+19
1503.33592794 9.64993504188e+20 4.35335415423e+19
1511.59601546 9.64993504188e+20 4.35335415423e+19
1519.85610297 9.57737913931e+20 4.35335415423e+19
1528.11619049 9.57737913931e+20 4.35335415423e+19
1536.376278 9.50482323673e+20 4.35335415423e+19
1544.63636552 9.35971143159e+20 4.35335415423e+19
1552.89645304 9.28715552902e+20 4.35335415423e+19
1561.15654055 9.14204372388e+20 4.35335415423e+19
1569.41662807 9.14204372388e+20 4.35335415423e+19
1577.67671559 9.06948782131e+20 4.35335415423e+19
1585.9368031 9.06948782131e+20 4.35335415423e+19
1594.19689062 9.06948782131e+20 4.35335415423e+19
1602.45697813 8.92437601617e+20 4.35335415423e+19
1610.71706565 8.70670830846e+20 4.35335415423e+19
1618.97715317 8.70670830846e+20 4.35335415423e+19
1627.23724068 8.63415240589e+20 4.35335415423e+19
1635.4973282 8.63415240589e+20 4.35335415423e+19
1643.75741571 8.56159650332e+20 4.35335415423e+19
1652.01750323 8.41648469818e+20 4.35335415423e+19
1660.27759075 8.34392879561e+20 4.35335415423e+19
1668.53767826 8.19881699047e+20 4.35335415423e+19
1676.79776578 8.1262610879e+20 4.35335415423e+19
1685.05785329 8.1262610879e+20 4.35335415423e+19
1693.31794081 8.1262610879e+20 4.35335415423e+19
1701.57802833 8.1262610879e+20 4.35335415423e+19
1709.83811584 8.05370518533e+20 4.35335415423e+19
1718.09820336 8.05370518533e+20 4.35335415423e+19
1726.35829087 7.98114928275e+20 4.35335415423e+19
1734.61837839 7.98114928275e+20 4.35335415423e+19
1742.87846591 7.98114928275e+20 4.35335415423e+19
1751.13855342 8.05370518533e+20 4.35335415423e+19
1759.39864094 8.05370518533e+20 4.35335415423e+19
1767.65872845 7.98114928275e+20 4.35335415423e+19
1775.91881597 7.98114928275e+20 4.35335415423e+19
1784.17890349 7.98114928275e+20 4.35335415423e+19
1792.438991 8.19881699047e+20 4.35335415423e+19
1800.69907852 8.19881699047e+20 4.35335415423e+19
1808.95916604 7.98114928275e+20 4.35335415423e+19
1817.21925355 7.90859338018e+20 4.35335415423e+19
1825.47934107 7.83603747761e+20 4.35335415423e+19
1833.73942858 7.76348157504e+20 4.35335415423e+19
1841.9995161 7.76348157504e+20 4.35335415423e+19
