0.0 0.0 3.38836065004e+21
8.26008751617 0.0 3.38836065004e+21
16.5201750323 0.0 3.38836065004e+21
24.7802625485 0.0 3.38836065004e+21
33.0403500647 0.0 3.38836065004e+21
41.3004375808 0.0 3.38836065004e+21
49.560525097 0.0 3.38836065004e+21
57.8206126132 0.0 3.38836065004e+21
66.0807001293 0.0 3.38836065004e+21
74.3407876455 0.0 3.38836065004e+21
82.6008751617 0.0 3.38836065004e+21
90.8609626779 0.0 3.38836065004e+21
99.121050194 0.0 3.38836065004e+21
107.38113771 0.0 3.38836065004e+21
115.641225226 0.0 3.38836065004e+21
123.901312743 0.0 3.38836065004e+21
132.161400259 0.0 3.38836065004e+21
140.421487775 0.0 3.38836065004e+21
148.681575291 0.0 3.38836065004e+21
156.941662807 0.0 3.38836065004e+21
165.201750323 0.0 3.38836065004e+21
173.46183784 0.0 3.38836065004e+21
181.721925356 0.0 3.38836065004e+21
189.982012872 0.0 3.38836065004e+21
198.242100388 0.0 3.38836065004e+21
206.502187904 0.0 3.38836065004e+21
214.76227542 0.0 3.38836065004e+21
223.022362937 0.0 3.38836065004e+21
231.282450453 0.0 3.38836065004e+21
239.542537969 0.0 3.38836065004e+21
247.802625485 0.0 3.38836065004e+21
256.062713001 0.0 3.38836065004e+21
264.322800517 0.0 3.38836065004e+21
272.582888034 0.0 3.38836065004e+21
280.84297555 0.0 3.38836065004e+21
289.103063066 0.0 3.38836065004e+21
297.363150582 0.0 3.38836065004e+21
305.623238098 0.0 3.38836065004e+21
313.883325614 0.0 3.38836065004e+21
322.143413131 0.0 3.38836065004e+21
330.403500647 0.0 3.38836065004e+21
338.663588163 0.0 3.38836065004e+21
346.923675679 0.0 3.38836065004e+21
355.183763195 0.0 3.38836065004e+21
363.443850711 0.0 3.38836065004e+21
371.703938227 0.0 3.38836065004e+21
379.964025743 0.0 3.38836065004e+21
388.22411326 0.0 3.38836065004e+21
396.484200776 0.0 3.38836065004e+21
404.744288292 0.0 3.38836065004e+21
413.004375808 0.0 3.38836065004e+21
421.264463324 0.0 3.38836065004e+21
429.52455084 0.0 3.38836065004e+21
437.784638356 0.0 3.38836065004e+21
446.044725873 0.0 3.38836065004e+21
454.304813389 0.0 3.38836065004e+21
462.564900905 0.0 3.38836065004e+21
470.824988421 0.0 3.38836065004e+21
479.085075937 0.0 3.38836065004e+21
487.345163453 0.0 3.38836065004e+21
495.605250969 0.0 3.38836065004e+21
503.865338486 0.0 3.38836065004e+21
512.125426002 0.0 3.38836065004e+21
520.385513518 2.53945658997e+20 3.11990381053e+21
528.645601034 2.53945658997e+20 3.11264822027e+21
536.90568855 2.68456839511e+20 3.08362585925e+21
545.165776066 2.68456839511e+20 3.06185908847e+21
553.425863582 2.90223610282e+20 3.00381436642e+21
561.685951098 3.26501561567e+20 2.95302523462e+21
569.946038615 3.48268332338e+20 2.90949169308e+21
578.206126131 3.7003510311e+20 2.86595815153e+21
586.466213647 3.55523922595e+20 2.85144697102e+21
594.726301163 3.77290693367e+20 2.81516901974e+21
602.986388679 3.91801873881e+20 2.77889106845e+21
611.246476195 3.84546283624e+20 2.76437988794e+21
619.506563711 3.84546283624e+20 2.74261311716e+21
627.766651228 3.91801873881e+20 2.72810193665e+21
636.026738744 4.13568644652e+20 2.70633516588e+21
644.28682626 4.13568644652e+20 2.69907957562e+21
652.546913776 4.28079825166e+20 2.64829044382e+21
660.807001292 3.91801873881e+20 2.61926808279e+21
669.067088809 4.13568644652e+20 2.59750131202e+21
677.327176325 4.49846595937e+20 2.58299013151e+21
685.587263841 4.4259100568e+20 2.56122336074e+21
693.847351357 4.4259100568e+20 2.54671218022e+21
702.107438874 4.4259100568e+20 2.55396777048e+21
710.36752639 4.4259100568e+20 2.53945658997e+21
718.627613906 4.78868956965e+20 2.50317863868e+21
726.887701422 4.78868956965e+20 2.50317863868e+21
735.147788938 4.93380137479e+20 2.50317863868e+21
743.407876455 4.78868956965e+20 2.48141186791e+21
751.667963971 4.71613366708e+20 2.48141186791e+21
759.928051487 4.78868956965e+20 2.47415627765e+21
768.188139003 4.86124547222e+20 2.4669006874e+21
776.448226519 4.93380137479e+20 2.47415627765e+21
784.708314036 4.86124547222e+20 2.47415627765e+21
792.968401552 4.93380137479e+20 2.4669006874e+21
801.228489068 4.93380137479e+20 2.4669006874e+21
809.488576584 4.86124547222e+20 2.4669006874e+21
817.7486641 5.00635727736e+20 2.45964509714e+21
826.008751617 5.22402498508e+20 2.45964509714e+21
834.268839133 5.22402498508e+20 2.4669006874e+21
842.528926649 5.36913679022e+20 2.4669006874e+21
850.789014165 5.36913679022e+20 2.4669006874e+21
859.049101681 5.36913679022e+20 2.4669006874e+21
867.309189198 5.36913679022e+20 2.4669006874e+21
875.569276714 5.36913679022e+20 2.4669006874e+21
883.82936423 5.36913679022e+20 2.4669006874e+21
892.089451746 5.36913679022e+20 2.4669006874e+21
900.349539262 5.36913679022e+20 2.4669006874e+21
908.609626779 5.36913679022e+20 2.4669006874e+21
916.869714295 5.44169269279e+20 2.4669006874e+21
925.129801811 5.51424859536e+20 2.4669006874e+21
933.389889327 5.44169269279e+20 2.4669006874e+21
941.649976843 5.36913679022e+20 2.45964509714e+21
949.91006436 5.36913679022e+20 2.45964509714e+21
958.170151876 5.36913679022e+20 2.45964509714e+21
966.430239392 5.36913679022e+20 2.45238950688e+21
974.690326908 5.36913679022e+20 2.45238950688e+21
982.950414424 5.44169269279e+20 2.45238950688e+21
991.210501941 5.44169269279e+20 2.44513391663e+21
999.470589457 5.51424859536e+20 2.44513391663e+21
1007.73067697 5.58680449793e+20 2.44513391663e+21
1015.99076449 5.51424859536e+20 2.44513391663e+21
1024.25085201 5.51424859536e+20 2.44513391663e+21
1032.51093952 5.51424859536e+20 2.44513391663e+21
1040.77102704 5.58680449793e+20 2.44513391663e+21
1049.03111455 5.51424859536e+20 2.44513391663e+21
1057.29120207 5.51424859536e+20 2.44513391663e+21
1065.55128959 5.51424859536e+20 2.43787832637e+21
1073.8113771 5.58680449793e+20 2.43787832637e+21
1082.07146462 5.58680449793e+20 2.43787832637e+21
1090.33155214 5.80447220564e+20 2.43787832637e+21
1098.59163965 5.80447220564e+20 2.43787832637e+21
1106.85172717 5.73191630307e+20 2.43787832637e+21
1115.11181468 5.80447220564e+20 2.43787832637e+21
1123.3719022 5.73191630307e+20 2.43787832637e+21
1131.63198972 5.73191630307e+20 2.43787832637e+21
1139.89207723 5.80447220564e+20 2.43787832637e+21
1148.15216475 5.87702810821e+20 2.43787832637e+21
1156.41225226 5.87702810821e+20 2.43787832637e+21
1164.67233978 5.94958401078e+20 2.43062273611e+21
1172.9324273 6.02213991335e+20 2.43062273611e+21
1181.19251481 5.94958401078e+20 2.43062273611e+21
1189.45260233 5.94958401078e+20 2.43062273611e+21
1197.71268985 5.94958401078e+20 2.43062273611e+21
1205.97277736 5.87702810821e+20 2.43062273611e+21
1214.23286488 5.87702810821e+20 2.43062273611e+21
1222.49295239 5.87702810821e+20 2.43062273611e+21
1230.75303991 5.87702810821e+20 2.43062273611e+21
1239.01312743 5.87702810821e+20 2.43062273611e+21
1247.27321494 5.87702810821e+20 2.43062273611e+21
1255.53330246 5.80447220564e+20 2.43062273611e+21
1263.79338997 5.80447220564e+20 2.43062273611e+21
1272.05347749 5.80447220564e+20 2.43062273611e+21
1280.31356501 5.80447220564e+20 2.43062273611e+21
1288.57365252 5.87702810821e+20 2.43062273611e+21
1296.83374004 5.87702810821e+20 2.43062273611e+21
1305.09382756 5.87702810821e+20 2.43062273611e+21
1313.35391507 5.87702810821e+20 2.43062273611e+21
1321.61400259 5.87702810821e+20 2.43062273611e+21
1329.8740901 5.94958401078e+20 2.43062273611e+21
1338.13417762 5.94958401078e+20 2.43062273611e+21
1346.39426514 6.02213991335e+20 2.43062273611e+21
1354.65435265 6.09469581592e+20 2.43062273611e+21
1362.91444017 6.16725171849e+20 2.43062273611e+21
1371.17452768 6.16725171849e+20 2.43062273611e+21
1379.4346152 6.16725171849e+20 2.43062273611e+21
1387.69470272 6.16725171849e+20 2.43062273611e+21
1395.95479023 6.16725171849e+20 2.43062273611e+21
1404.21487775 6.16725171849e+20 2.43062273611e+21
1412.47496526 6.16725171849e+20 2.43062273611e+21
1420.73505278 6.23980762106e+20 2.43062273611e+21
1428.9951403 6.16725171849e+20 2.43062273611e+21
1437.25522781 6.16725171849e+20 2.43062273611e+21
1445.51531533 6.16725171849e+20 2.43062273611e+21
1453.77540284 6.16725171849e+20 2.43062273611e+21
1462.03549036 6.09469581592e+20 2.43062273611e+21
1470.29557788 6.09469581592e+20 2.43062273611e+21
1478.55566539 6.09469581592e+20 2.43062273611e+21
1486.81575291 6.09469581592e+20 2.43062273611e+21
1495.07584042 6.02213991335e+20 2.43062273611e+21
1503.33592794 6.02213991335e+20 2.43062273611e+21
1511.59601546 6.02213991335e+20 2.43062273611e+21
1519.85610297 6.02213991335e+20 2.43062273611e+21
1528.11619049 5.94958401078e+20 2.43062273611e+21
1536.376278 5.94958401078e+20 2.43062273611e+21
1544.63636552 5.94958401078e+20 2.43062273611e+21
1552.89645304 5.94958401078e+20 2.43062273611e+21
1561.15654055 5.94958401078e+20 2.43062273611e+21
1569.41662807 5.94958401078e+20 2.43062273611e+21
1577.67671559 5.94958401078e+20 2.43062273611e+21
1585.9368031 5.94958401078e+20 2.43062273611e+21
1594.19689062 5.94958401078e+20 2.43062273611e+21
1602.45697813 5.87702810821e+20 2.43062273611e+21
1610.71706565 5.87702810821e+20 2.43062273611e+21
1618.97715317 5.87702810821e+20 2.43062273611e+21
1627.23724068 5.87702810821e+20 2.43062273611e+21
1635.4973282 5.87702810821e+20 2.43062273611e+21
1643.75741571 5.87702810821e+20 2.43062273611e+21
1652.01750323 5.87702810821e+20 2.43062273611e+21
1660.27759075 5.87702810821e+20 2.43062273611e+21
1668.53767826 6.28113033481e+20 2.43062273611e+21
1676.79776578 6.20857443224e+20 2.43062273611e+21
1685.05785329 6.20857443224e+20 2.43062273611e+21
1693.31794081 6.20857443224e+20 2.43062273611e+21
1701.57802833 6.20857443224e+20 2.43062273611e+21
1709.83811584 6.20857443224e+20 2.43062273611e+21
1718.09820336 6.28113033481e+20 2.43062273611e+21
1726.35829087 6.28113033481e+20 2.43062273611e+21
1734.61837839 6.20857443224e+20 2.43062273611e+21
1742.87846591 6.20857443224e+20 2.43062273611e+21
1751.13855342 6.28113033481e+20 2.43062273611e+21
1759.39864094 6.28113033481e+20 2.43062273611e+21
1767.65872845 6.28113033481e+20 2.43062273611e+21
1775.91881597 6.28113033481e+20 2.43062273611e+21
1784.17890349 6.28113033481e+20 2.43062273611e+21
1792.438991 6.28113033481e+20 2.43062273611e+21
1800.69907852 6.20857443224e+20 2.43062273611e+21
1808.95916604 6.20857443224e+20 2.43062273611e+21
1817.21925355 6.28113033481e+20 2.43062273611e+21
1825.47934107 6.28113033481e+20 2.43062273611e+21
1833.73942858 6.20857443224e+20 2.43062273611e+21
1841.9995161 6.0634626271e+20 2.43062273611e+21
1850.25960362 6.0634626271e+20 2.43062273611e+21
1858.51969113 6.0634626271e+20 2.43062273611e+21
1866.77977865 6.0634626271e+20 2.43062273611e+21
1875.03986616 6.0634626271e+20 2.43062273611e+21
1883.29995368 6.13601852967e+20 2.43062273611e+21
1891.5600412 6.13601852967e+20 2.43062273611e+21
1899.82012871 6.13601852967e+20 2.43062273611e+21
1908.08021623 6.13601852967e+20 2.43062273611e+21
1916.34030374 6.13601852967e+20 2.43062273611e+21
1924.60039126 6.0634626271e+20 2.43062273611e+21
1932.86047878 6.13601852967e+20 2.43062273611e+21
1941.12056629 6.0634626271e+20 2.43062273611e+21
1949.38065381 6.13601852967e+20 2.43062273611e+21
1957.64074132 6.20857443224e+20 2.43062273611e+21
1965.90082884 6.13601852967e+20 2.43062273611e+21
1974.16091636 6.13601852967e+20 2.43062273611e+21
1982.42100387 6.0634626271e+20 2.43062273611e+21
1990.68109139 6.0634626271e+20 2.43062273611e+21
1998.9411789 5.99090672453e+20 2.43062273611e+21
2007.20126642 5.99090672453e+20 2.43062273611e+21
2015.46135394 5.99090672453e+20 2.43062273611e+21
2023.72144145 5.99090672453e+20 2.43062273611e+21
