0.0 0.0 3.38836065004e+21
8.26008751617 0.0 3.38836065004e+21
16.5201750323 0.0 3.38836065004e+21
24.7802625485 0.0 3.38836065004e+21
33.0403500647 1.52367395398e+20 3.18520412284e+21
41.3004375808 7.18303435448e+20 2.61201249254e+21
49.560525097 9.43226733416e+20 2.28551093097e+21
57.8206126132 1.25521711447e+21 1.91547582786e+21
66.0807001293 1.66878575912e+21 1.41484010012e+21
74.3407876455 1.9590093694e+21 1.0302938165e+21
82.6008751617 2.13314353557e+21 8.1262610879e+20
90.8609626779 2.24923297969e+21 6.31236352363e+20
99.121050194 2.30727770174e+21 5.15146908251e+20
107.38113771 2.34355565303e+21 4.49846595937e+20
115.641225226 2.35806683354e+21 4.06313054395e+20
123.901312743 2.3653224238e+21 3.7003510311e+20
132.161400259 2.37257801406e+21 3.62779512852e+20
140.421487775 2.35081124328e+21 3.41012742081e+20
148.681575291 2.3653224238e+21 2.90223610282e+20
156.941662807 2.3653224238e+21 2.17667707711e+20
165.201750323 2.35806683354e+21 1.88645346683e+20
173.46183784 2.35081124328e+21 1.45111805141e+20
181.721925356 2.35806683354e+21 1.30600624627e+20
189.982012872 2.35806683354e+21 1.08833853856e+20
198.242100388 2.35806683354e+21 7.98114928275e+19
206.502187904 2.3653224238e+21 7.98114928275e+19
214.76227542 2.37257801406e+21 6.53003123134e+19
223.022362937 2.39434478483e+21 5.80447220564e+19
231.282450453 2.39434478483e+21 5.80447220564e+19
239.542537969 2.38708919457e+21 5.07891317993e+19
247.802625485 2.38708919457e+21 5.07891317993e+19
256.062713001 2.39434478483e+21 4.35335415423e+19
264.322800517 2.40160037508e+21 3.62779512852e+19
272.582888034 2.40885596534e+21 2.17667707711e+19
280.84297555 2.40885596534e+21 2.17667707711e+19
289.103063066 2.40885596534e+21 2.17667707711e+19
297.363150582 2.4161115556e+21 2.17667707711e+19
305.623238098 2.40885596534e+21 2.17667707711e+19
313.883325614 2.39434478483e+21 2.17667707711e+19
322.143413131 2.38708919457e+21 2.17667707711e+19
330.403500647 2.39434478483e+21 2.17667707711e+19
338.663588163 2.39434478483e+21 2.17667707711e+19
346.923675679 2.40160037508e+21 2.17667707711e+19
355.183763195 2.40885596534e+21 2.17667707711e+19
363.443850711 2.40885596534e+21 2.17667707711e+19
371.703938227 2.40160037508e+21 1.45111805141e+19
379.964025743 2.38708919457e+21 1.45111805141e+19
388.22411326 2.44201059774e+21 1.45111805141e+19
396.484200776 2.43475500749e+21 1.45111805141e+19
404.744288292 2.42024382697e+21 1.45111805141e+19
413.004375808 2.42749941723e+21 1.45111805141e+19
421.264463324 2.44201059774e+21 1.45111805141e+19
429.52455084 2.43475500749e+21 1.45111805141e+19
437.784638356 2.43475500749e+21 1.45111805141e+19
446.044725873 2.40573264646e+21 1.45111805141e+19
454.304813389 2.3984770562e+21 1.45111805141e+19
462.564900905 2.39122146594e+21 1.45111805141e+19
470.824988421 2.3984770562e+21 1.45111805141e+19
479.085075937 2.39122146594e+21 1.45111805141e+19
487.345163453 2.36945469517e+21 1.45111805141e+19
495.605250969 2.36219910492e+21 1.45111805141e+19
503.865338486 2.35494351466e+21 1.45111805141e+19
512.125426002 2.34043233415e+21 1.45111805141e+19
520.385513518 2.33317674389e+21 1.45111805141e+19
528.645601034 2.33317674389e+21 1.45111805141e+19
536.90568855 2.32592115363e+21 1.45111805141e+19
545.165776066 2.31866556337e+21 1.45111805141e+19
553.425863582 2.27099975046e+21 1.45111805141e+19
561.685951098 2.23472179917e+21 1.45111805141e+19
569.946038615 2.22746620891e+21 1.45111805141e+19
578.206126131 2.2129550284e+21 1.45111805141e+19
586.466213647 2.19118825763e+21 1.45111805141e+19
594.726301163 2.16942148686e+21 1.45111805141e+19
602.986388679 2.1621658966e+21 1.45111805141e+19
611.246476195 2.15491030634e+21 1.45111805141e+19
619.506563711 2.12588794532e+21 1.45111805141e+19
627.766651228 2.12588794532e+21 1.45111805141e+19
636.026738744 2.12588794532e+21 1.45111805141e+19
644.28682626 2.11863235506e+21 1.45111805141e+19
652.546913776 2.09686558429e+21 1.45111805141e+19
660.807001292 2.08960999403e+21 1.45111805141e+19
669.067088809 2.08960999403e+21 1.45111805141e+19
677.327176325 2.060587633e+21 1.45111805141e+19
685.587263841 2.060587633e+21 1.45111805141e+19
693.847351357 2.060587633e+21 1.45111805141e+19
702.107438874 2.03156527197e+21 1.45111805141e+19
710.36752639 2.03156527197e+21 1.45111805141e+19
718.627613906 2.0097985012e+21 1.45111805141e+19
726.887701422 1.98803173043e+21 1.45111805141e+19
735.147788938 1.97352054992e+21 1.45111805141e+19
743.407876455 1.94449818889e+21 1.45111805141e+19
751.667963971 1.92998700838e+21 1.45111805141e+19
759.928051487 1.93724259863e+21 1.45111805141e+19
768.188139003 1.94449818889e+21 1.45111805141e+19
776.448226519 1.95175377915e+21 1.45111805141e+19
784.708314036 1.9082202376e+21 1.45111805141e+19
792.968401552 1.88645346683e+21 1.45111805141e+19
801.228489068 1.87194228632e+21 1.45111805141e+19
809.488576584 1.87919787658e+21 1.45111805141e+19
817.7486641 1.87194228632e+21 1.45111805141e+19
826.008751617 1.8574311058e+21 1.45111805141e+19
834.268839133 1.83566433503e+21 1.45111805141e+19
842.528926649 1.84291992529e+21 1.45111805141e+19
850.789014165 1.82840874478e+21 1.45111805141e+19
859.049101681 1.82115315452e+21 1.45111805141e+19
867.309189198 1.77761961298e+21 1.45111805141e+19
875.569276714 1.76310843246e+21 1.45111805141e+19
883.82936423 1.74134166169e+21 1.45111805141e+19
892.089451746 1.71231930066e+21 1.45111805141e+19
900.349539262 1.69055252989e+21 1.45111805141e+19
908.609626779 1.67604134938e+21 1.45111805141e+19
916.869714295 1.65427457861e+21 1.45111805141e+19
925.129801811 1.61799662732e+21 1.45111805141e+19
933.389889327 1.63250780784e+21 1.45111805141e+19
941.649976843 1.62525221758e+21 1.45111805141e+19
949.91006436 1.62525221758e+21 1.45111805141e+19
958.170151876 1.61074103707e+21 1.45111805141e+19
966.430239392 1.60348544681e+21 1.45111805141e+19
974.690326908 1.60348544681e+21 1.45111805141e+19
982.950414424 1.60348544681e+21 1.45111805141e+19
991.210501941 1.58171867604e+21 1.45111805141e+19
999.470589457 1.55269631501e+21 1.45111805141e+19
1007.73067697 1.53092954424e+21 1.45111805141e+19
1015.99076449 1.51641836372e+21 1.45111805141e+19
1024.25085201 1.50916277347e+21 1.45111805141e+19
1032.51093952 1.48014041244e+21 1.45111805141e+19
1040.77102704 1.46562923192e+21 1.45111805141e+19
1049.03111455 1.44386246115e+21 1.45111805141e+19
1057.29120207 1.42935128064e+21 1.45111805141e+19
1065.55128959 1.40032891961e+21 1.45111805141e+19
1073.8113771 1.37130655858e+21 1.45111805141e+19
1082.07146462 1.3858177391e+21 1.45111805141e+19
1090.33155214 1.35679537807e+21 1.45111805141e+19
1098.59163965 1.3350286073e+21 1.45111805141e+19
1106.85172717 1.30600624627e+21 1.45111805141e+19
1115.11181468 1.29149506575e+21 1.45111805141e+19
1123.3719022 1.27698388524e+21 1.45111805141e+19
1131.63198972 1.29149506575e+21 1.45111805141e+19
1139.89207723 1.26247270473e+21 1.45111805141e+19
1148.15216475 1.29149506575e+21 1.45111805141e+19
1156.41225226 1.2842394755e+21 1.45111805141e+19
1164.67233978 1.2842394755e+21 1.45111805141e+19
1172.9324273 1.26972829498e+21 1.45111805141e+19
1181.19251481 1.2842394755e+21 1.45111805141e+19
1189.45260233 1.27698388524e+21 1.45111805141e+19
1197.71268985 1.26972829498e+21 1.45111805141e+19
1205.97277736 1.24796152421e+21 1.45111805141e+19
1214.23286488 1.2334503437e+21 1.45111805141e+19
1222.49295239 1.21168357293e+21 1.45111805141e+19
1230.75303991 1.20442798267e+21 1.45111805141e+19
1239.01312743 1.21168357293e+21 1.45111805141e+19
1247.27321494 1.22619475344e+21 1.45111805141e+19
1255.53330246 1.24796152421e+21 1.45111805141e+19
1263.79338997 1.21893916318e+21 1.45111805141e+19
1272.05347749 1.24070593396e+21 1.45111805141e+19
1280.31356501 1.22619475344e+21 1.45111805141e+19
1288.57365252 1.24070593396e+21 1.45111805141e+19
1296.83374004 1.24070593396e+21 1.45111805141e+19
1305.09382756 1.24070593396e+21 1.45111805141e+19
1313.35391507 1.24070593396e+21 1.45111805141e+19
1321.61400259 1.2334503437e+21 1.45111805141e+19
1329.8740901 1.2334503437e+21 1.45111805141e+19
1338.13417762 1.24070593396e+21 1.45111805141e+19
1346.39426514 1.24070593396e+21 1.45111805141e+19
1354.65435265 1.24070593396e+21 1.45111805141e+19
1362.91444017 1.26972829498e+21 1.45111805141e+19
1371.17452768 1.26972829498e+21 1.45111805141e+19
1379.4346152 1.25521711447e+21 1.45111805141e+19
1387.69470272 1.25521711447e+21 1.45111805141e+19
1395.95479023 1.24796152421e+21 1.45111805141e+19
1404.21487775 1.24796152421e+21 1.45111805141e+19
1412.47496526 1.25521711447e+21 1.45111805141e+19
1420.73505278 1.25521711447e+21 1.45111805141e+19
1428.9951403 1.24070593396e+21 1.45111805141e+19
1437.25522781 1.2334503437e+21 1.45111805141e+19
1445.51531533 1.24070593396e+21 1.45111805141e+19
1453.77540284 1.22619475344e+21 1.45111805141e+19
1462.03549036 1.21168357293e+21 1.45111805141e+19
1470.29557788 1.21168357293e+21 1.45111805141e+19
1478.55566539 1.1826612119e+21 1.45111805141e+19
1486.81575291 1.16089444113e+21 1.45111805141e+19
1495.07584042 1.13912767036e+21 1.45111805141e+19
1503.33592794 1.1318720801e+21 1.45111805141e+19
1511.59601546 1.1318720801e+21 1.45111805141e+19
1519.85610297 1.12461648984e+21 1.45111805141e+19
1528.11619049 1.12461648984e+21 1.45111805141e+19
1536.376278 1.11736089959e+21 1.45111805141e+19
1544.63636552 1.11010530933e+21 1.45111805141e+19
1552.89645304 1.12461648984e+21 1.45111805141e+19
1561.15654055 1.13912767036e+21 1.45111805141e+19
1569.41662807 1.15363885087e+21 1.45111805141e+19
1577.67671559 1.15363885087e+21 1.45111805141e+19
1585.9368031 1.14638326061e+21 1.45111805141e+19
1594.19689062 1.14638326061e+21 1.45111805141e+19
1602.45697813 1.15363885087e+21 1.45111805141e+19
1610.71706565 1.15363885087e+21 1.45111805141e+19
1618.97715317 1.1318720801e+21 1.45111805141e+19
1627.23724068 1.11736089959e+21 1.45111805141e+19
1635.4973282 1.13912767036e+21 1.45111805141e+19
1643.75741571 1.13912767036e+21 1.45111805141e+19
1652.01750323 1.14638326061e+21 1.45111805141e+19
1660.27759075 1.13912767036e+21 1.45111805141e+19
1668.53767826 1.11736089959e+21 1.45111805141e+19
1676.79776578 1.10284971907e+21 1.45111805141e+19
1685.05785329 1.08833853856e+21 1.45111805141e+19
1693.31794081 1.08833853856e+21 1.45111805141e+19
1701.57802833 1.09559412881e+21 1.45111805141e+19
1709.83811584 1.0810829483e+21 1.45111805141e+19
1718.09820336 1.07382735804e+21 1.45111805141e+19
1726.35829087 1.06657176779e+21 1.45111805141e+19
1734.61837839 1.05206058727e+21 1.45111805141e+19
1742.87846591 1.04480499702e+21 1.45111805141e+19
1751.13855342 1.0302938165e+21 1.45111805141e+19
1759.39864094 1.02303822624e+21 1.45111805141e+19
1767.65872845 1.00852704573e+21 1.45111805141e+19
1775.91881597 1.00852704573e+21 1.45111805141e+19
1784.17890349 9.94015865216e+20 1.45111805141e+19
1792.438991 9.94015865216e+20 1.45111805141e+19
1800.69907852 9.86760274959e+20 1.45111805141e+19
1808.95916604 9.79504684702e+20 1.45111805141e+19
1817.21925355 9.79504684702e+20 1.45111805141e+19
1825.47934107 9.86760274959e+20 1.45111805141e+19
1833.73942858 9.79504684702e+20 1.45111805141e+19
1841.9995161 9.79504684702e+20 1.45111805141e+19
1850.25960362 9.72249094445e+20 1.45111805141e+19
1858.51969113 9.72249094445e+20 1.45111805141e+19
1866.77977865 9.72249094445e+20 1.45111805141e+19
1875.03986616 9.72249094445e+20 1.45111805141e+19
1883.29995368 9.72249094445e+20 1.45111805141e+19
1891.5600412 9.79504684702e+20 1.45111805141e+19
1899.82012871 9.72249094445e+20 1.45111805141e+19
1908.08021623 9.57737913931e+20 1.45111805141e+19
1916.34030374 9.50482323673e+20 1.45111805141e+19
1924.60039126 9.50482323673e+20 1.45111805141e+19
1932.86047878 9.43226733416e+20 1.45111805141e+19
1941.12056629 9.50482323673e+20 1.45111805141e+19
1949.38065381 9.43226733416e+20 1.45111805141e+19
1957.64074132 9.43226733416e+20 1.45111805141e+19
1965.90082884 9.21459962645e+20 1.45111805141e+19
1974.16091636 9.28715552902e+20 1.45111805141e+19
1982.42100387 9.14204372388e+20 1.45111805141e+19
1990.68109139 9.06948782131e+20 1.45111805141e+19
1998.9411789 9.06948782131e+20 1.45111805141e+19
2007.20126642 8.92437601617e+20 1.45111805141e+19
2015.46135394 8.77926421103e+20 1.45111805141e+19
2023.72144145 8.77926421103e+20 1.45111805141e+19
2031.98152897 8.77926421103e+20 1.45111805141e+19
2040.24161649 8.77926421103e+20 1.45111805141e+19
2048.501704 8.70670830846e+20 1.45111805141e+19
2056.76179152 8.77926421103e+20 1.45111805141e+19
2065.02187903 8.8518201136e+20 1.45111805141e+19
2073.28196655 8.92437601617e+20 1.45111805141e+19
2081.54205407 8.8518201136e+20 1.45111805141e+19
2089.80214158 8.77926421103e+20 1.45111805141e+19
2098.0622291 8.70670830846e+20 1.45111805141e+19
2106.32231661 8.56159650332e+20 1.45111805141e+19
2114.58240413 8.48904060075e+20 1.45111805141e+19
2122.84249165 8.48904060075e+20 1.45111805141e+19
2131.10257916 8.27137289304e+20 1.45111805141e+19
2139.36266668 8.27137289304e+20 1.45111805141e+19
2147.62275419 8.19881699047e+20 1.45111805141e+19
2155.88284171 8.05370518533e+20 1.45111805141e+19
2164.14292923 8.05370518533e+20 1.45111805141e+19
2172.40301674 8.05370518533e+20 1.45111805141e+19
2180.66310426 7.98114928275e+20 1.45111805141e+19
2188.92319177 7.83603747761e+20 1.45111805141e+19
2197.18327929 7.90859338018e+20 1.45111805141e+19
2205.44336681 7.83603747761e+20 1.45111805141e+19
2213.70345432 7.83603747761e+20 1.45111805141e+19
2221.96354184 7.76348157504e+20 1.45111805141e+19
2230.22362935 7.98114928275e+20 1.45111805141e+19
2238.48371687 7.98114928275e+20 1.45111805141e+19
2246.74380439 7.98114928275e+20 1.45111805141e+19
2255.0038919 7.98114928275e+20 1.45111805141e+19
2263.26397942 7.90859338018e+20 1.45111805141e+19
2271.52406693 7.83603747761e+20 1.45111805141e+19
2279.78415445 7.76348157504e+20 1.45111805141e+19
2288.04424197 7.76348157504e+20 1.45111805141e+19
2296.30432948 7.69092567247e+20 1.45111805141e+19
2304.564417 7.76348157504e+20 1.45111805141e+19
2312.82450452 7.76348157504e+20 1.45111805141e+19
2321.08459203 7.54581386733e+20 1.45111805141e+19
2329.34467955 7.47325796476e+20 1.45111805141e+19
2337.60476706 7.25559025705e+20 1.45111805141e+19
2345.86485458 7.25559025705e+20 1.45111805141e+19
2354.1249421 7.32814615962e+20 1.45111805141e+19
2362.38502961 7.25559025705e+20 1.45111805141e+19
2370.64511713 7.25559025705e+20 1.45111805141e+19
2378.90520464 7.25559025705e+20 1.45111805141e+19
2387.16529216 7.25559025705e+20 1.45111805141e+19
2395.42537968 7.18303435448e+20 1.45111805141e+19
2403.68546719 7.11047845191e+20 1.45111805141e+19
2411.94555471 6.96536664677e+20 1.45111805141e+19
2420.20564222 6.96536664677e+20 1.45111805141e+19
2428.46572974 6.96536664677e+20 1.45111805141e+19
2436.72581726 6.8928107442e+20 1.45111805141e+19
2444.98590477 6.82025484163e+20 1.45111805141e+19
2453.24599229 6.82025484163e+20 1.45111805141e+19
2461.5060798 6.82025484163e+20 1.45111805141e+19
2469.76616732 6.82025484163e+20 1.45111805141e+19
2478.02625484 6.74769893906e+20 1.45111805141e+19
2486.28634235 6.74769893906e+20 1.45111805141e+19
2494.54642987 6.74769893906e+20 1.45111805141e+19
2502.80651738 6.67514303649e+20 1.45111805141e+19
2511.0666049 6.67514303649e+20 1.45111805141e+19
2519.32669242 6.74769893906e+20 1.45111805141e+19
2527.58677993 6.74769893906e+20 1.45111805141e+19
2535.84686745 6.74769893906e+20 1.45111805141e+19
2544.10695497 6.74769893906e+20 1.45111805141e+19
2552.36704248 6.67514303649e+20 1.45111805141e+19
2560.62713 6.67514303649e+20 1.45111805141e+19
2568.88721751 6.67514303649e+20 1.45111805141e+19
2577.14730503 6.67514303649e+20 1.45111805141e+19
2585.40739255 6.53003123134e+20 1.45111805141e+19
2593.66748006 6.53003123134e+20 1.45111805141e+19
2601.92756758 6.53003123134e+20 1.45111805141e+19
2610.18765509 6.53003123134e+20 1.45111805141e+19
2618.44774261 6.45747532877e+20 1.45111805141e+19
2626.70783013 6.45747532877e+20 1.45111805141e+19
2634.96791764 6.45747532877e+20 1.45111805141e+19
2643.22800516 6.45747532877e+20 1.45111805141e+19
2651.48809267 6.31236352363e+20 1.45111805141e+19
2659.74818019 6.3849194262e+20 1.45111805141e+19
2668.00826771 6.31236352363e+20 1.45111805141e+19
2676.26835522 6.31236352363e+20 1.45111805141e+19
2684.52844274 6.31236352363e+20 1.45111805141e+19
2692.78853025 6.31236352363e+20 1.45111805141e+19
2701.04861777 6.3849194262e+20 1.45111805141e+19
2709.30870529 6.3849194262e+20 1.45111805141e+19
2717.5687928 6.31236352363e+20 1.45111805141e+19
2725.82888032 6.31236352363e+20 1.45111805141e+19
2734.08896783 6.23980762106e+20 1.45111805141e+19
2742.34905535 6.09469581592e+20 1.45111805141e+19
2750.60914287 6.09469581592e+20 1.45111805141e+19
2758.86923038 6.09469581592e+20 1.45111805141e+19
2767.1293179 6.16725171849e+20 1.45111805141e+19
2775.38940542 5.94958401078e+20 1.45111805141e+19
2783.64949293 5.87702810821e+20 1.45111805141e+19
2791.90958045 5.80447220564e+20 1.45111805141e+19
2800.16966796 5.73191630307e+20 1.45111805141e+19
2808.42975548 5.73191630307e+20 1.45111805141e+19
2816.689843 5.73191630307e+20 1.45111805141e+19
2824.94993051 5.58680449793e+20 1.45111805141e+19
2833.21001803 5.58680449793e+20 1.45111805141e+19
2841.47010554 5.58680449793e+20 1.45111805141e+19
2849.73019306 5.58680449793e+20 1.45111805141e+19
2857.99028058 5.58680449793e+20 1.45111805141e+19
2866.25036809 5.58680449793e+20 1.45111805141e+19
2874.51045561 5.58680449793e+20 1.45111805141e+19
2882.77054312 5.58680449793e+20 1.45111805141e+19
2891.03063064 5.58680449793e+20 1.45111805141e+19
2899.29071816 5.36913679022e+20 1.45111805141e+19
2907.55080567 5.36913679022e+20 1.45111805141e+19
2915.81089319 5.36913679022e+20 1.45111805141e+19
2924.0709807 5.29658088765e+20 1.45111805141e+19
2932.33106822 5.29658088765e+20 1.45111805141e+19
2940.59115574 5.29658088765e+20 1.45111805141e+19
2948.85124325 5.29658088765e+20 1.45111805141e+19
2957.11133077 5.22402498508e+20 1.45111805141e+19
2965.37141828 5.15146908251e+20 1.45111805141e+19
2973.6315058 5.15146908251e+20 1.45111805141e+19
2981.89159332 5.07891317993e+20 1.45111805141e+19
2990.15168083 5.07891317993e+20 1.45111805141e+19
2998.41176835 5.07891317993e+20 1.45111805141e+19
3006.67185586 5.00635727736e+20 1.45111805141e+19
3014.93194338 5.00635727736e+20 1.45111805141e+19
3023.1920309 5.00635727736e+20 1.45111805141e+19
3031.45211841 5.00635727736e+20 1.45111805141e+19
3039.71220593 4.86124547222e+20 1.45111805141e+19
3047.97229345 4.78868956965e+20 1.45111805141e+19
3056.23238096 4.78868956965e+20 1.45111805141e+19
3064.49246848 4.78868956965e+20 1.45111805141e+19
3072.75255599 4.71613366708e+20 1.45111805141e+19
3081.01264351 4.71613366708e+20 1.45111805141e+19
3089.27273103 4.64357776451e+20 1.45111805141e+19
3097.53281854 4.64357776451e+20 1.45111805141e+19
3105.79290606 4.71613366708e+20 1.45111805141e+19
3114.05299357 4.57102186194e+20 1.45111805141e+19
3122.31308109 4.57102186194e+20 1.45111805141e+19
3130.57316861 4.57102186194e+20 1.45111805141e+19
3138.83325612 4.57102186194e+20 1.45111805141e+19
3147.09334364 4.57102186194e+20 1.45111805141e+19
3155.35343115 4.64357776451e+20 1.45111805141e+19
3163.61351867 4.64357776451e+20 1.45111805141e+19
3171.87360619 4.64357776451e+20 1.45111805141e+19
3180.1336937 4.64357776451e+20 1.45111805141e+19
3188.39378122 4.64357776451e+20 1.45111805141e+19
3196.65386873 4.64357776451e+20 1.45111805141e+19
3204.91395625 4.64357776451e+20 1.45111805141e+19
3213.17404377 4.78868956965e+20 1.45111805141e+19
3221.43413128 4.78868956965e+20 1.45111805141e+19
3229.6942188 4.78868956965e+20 1.45111805141e+19
3237.95430631 4.78868956965e+20 1.45111805141e+19
3246.21439383 4.78868956965e+20 1.45111805141e+19
3254.47448135 4.78868956965e+20 1.45111805141e+19
3262.73456886 4.78868956965e+20 1.45111805141e+19
3270.99465638 4.78868956965e+20 1.45111805141e+19
3279.2547439 4.78868956965e+20 1.45111805141e+19
3287.51483141 4.71613366708e+20 1.45111805141e+19
3295.77491893 4.71613366708e+20 1.45111805141e+19
3304.03500644 4.71613366708e+20 1.45111805141e+19
3312.29509396 4.78868956965e+20 1.45111805141e+19
3320.55518148 4.78868956965e+20 1.45111805141e+19
3328.81526899 4.78868956965e+20 1.45111805141e+19
3337.07535651 4.86124547222e+20 1.45111805141e+19
3345.33544402 4.93380137479e+20 1.45111805141e+19
3353.59553154 4.86124547222e+20 1.45111805141e+19
3361.85561906 4.78868956965e+20 1.45111805141e+19
3370.11570657 4.71613366708e+20 1.45111805141e+19
3378.37579409 4.64357776451e+20 1.45111805141e+19
3386.6358816 4.64357776451e+20 1.45111805141e+19
3394.89596912 4.64357776451e+20 1.45111805141e+19
3403.15605664 4.64357776451e+20 1.45111805141e+19
3411.41614415 4.57102186194e+20 1.45111805141e+19
3419.67623167 4.49846595937e+20 1.45111805141e+19
3427.93631918 4.4259100568e+20 1.45111805141e+19
3436.1964067 4.4259100568e+20 1.45111805141e+19
3444.45649422 4.35335415423e+20 1.45111805141e+19
3452.71658173 4.35335415423e+20 1.45111805141e+19
3460.97666925 4.28079825166e+20 1.45111805141e+19
3469.23675676 4.28079825166e+20 1.45111805141e+19
3477.49684428 4.28079825166e+20 1.45111805141e+19
3485.7569318 4.28079825166e+20 1.45111805141e+19
3494.01701931 4.28079825166e+20 1.45111805141e+19
3502.27710683 4.20824234909e+20 1.45111805141e+19
3510.53719435 4.20824234909e+20 1.45111805141e+19
3518.79728186 4.13568644652e+20 1.45111805141e+19
3527.05736938 4.06313054395e+20 1.45111805141e+19
3535.31745689 4.06313054395e+20 1.45111805141e+19
3543.57754441 4.20824234909e+20 1.45111805141e+19
3551.83763193 4.20824234909e+20 1.45111805141e+19
3560.09771944 4.20824234909e+20 1.45111805141e+19
3568.35780696 4.20824234909e+20 1.45111805141e+19
3576.61789447 4.20824234909e+20 1.45111805141e+19
3584.87798199 4.13568644652e+20 1.45111805141e+19
3593.13806951 4.20824234909e+20 1.45111805141e+19
3601.39815702 4.20824234909e+20 1.45111805141e+19
3609.65824454 4.20824234909e+20 1.45111805141e+19
3617.91833205 4.20824234909e+20 1.45111805141e+19
3626.17841957 4.20824234909e+20 1.45111805141e+19
3634.43850709 4.20824234909e+20 1.45111805141e+19
