0.0 0.0 3.38836065004e+21
8.26008751617 0.0 3.38836065004e+21
16.5201750323 0.0 3.38836065004e+21
24.7802625485 0.0 3.38836065004e+21
33.0403500647 0.0 3.38836065004e+21
41.3004375808 0.0 3.38836065004e+21
49.560525097 0.0 3.38836065004e+21
57.8206126132 0.0 3.38836065004e+21
66.0807001293 0.0 3.38836065004e+21
74.3407876455 0.0 3.38836065004e+21
82.6008751617 0.0 3.38836065004e+21
90.8609626779 0.0 3.38836065004e+21
99.121050194 0.0 3.38836065004e+21
107.38113771 0.0 3.38836065004e+21
115.641225226 0.0 3.38836065004e+21
123.901312743 0.0 3.38836065004e+21
132.161400259 0.0 3.38836065004e+21
140.421487775 0.0 3.38836065004e+21
148.681575291 0.0 3.38836065004e+21
156.941662807 0.0 3.38836065004e+21
165.201750323 0.0 3.38836065004e+21
173.46183784 3.48268332338e+20 3.03283672745e+21
181.721925356 3.91801873881e+20 2.93851405411e+21
189.982012872 7.40070206219e+20 2.57573454125e+21
198.242100388 7.47325796476e+20 2.54671218022e+21
206.502187904 8.1262610879e+20 2.40160037508e+21
214.76227542 8.19881699047e+20 2.32178888226e+21
223.022362937 8.41648469818e+20 2.23472179917e+21
231.282450453 8.70670830846e+20 2.1621658966e+21
239.542537969 9.57737913931e+20 2.03882086223e+21
247.802625485 1.05931617753e+21 1.87919787658e+21
256.062713001 1.12461648984e+21 1.74134166169e+21
264.322800517 1.14638326061e+21 1.68329693964e+21
272.582888034 1.22619475344e+21 1.58897426629e+21
280.84297555 1.29875065601e+21 1.4873960027e+21
289.103063066 1.31326183653e+21 1.39307332935e+21
297.363150582 1.32051742678e+21 1.34228419755e+21
305.623238098 1.31326183653e+21 1.30600624627e+21
313.883325614 1.31326183653e+21 1.2842394755e+21
322.143413131 1.3350286073e+21 1.21893916318e+21
330.403500647 1.34953978781e+21 1.18991680216e+21
338.663588163 1.36405096833e+21 1.17540562164e+21
346.923675679 1.3858177391e+21 1.1318720801e+21
355.183763195 1.37856214884e+21 1.1318720801e+21
363.443850711 1.37130655858e+21 1.12461648984e+21
371.703938227 1.40032891961e+21 1.08833853856e+21
379.964025743 1.42935128064e+21 1.04480499702e+21
388.22411326 1.45837364167e+21 9.79504684702e+20
396.484200776 1.45111805141e+21 9.57737913931e+20
404.744288292 1.46562923192e+21 9.50482323673e+20
413.004375808 1.45837364167e+21 9.50482323673e+20
421.264463324 1.4366068709e+21 9.50482323673e+20
429.52455084 1.42935128064e+21 9.50482323673e+20
437.784638356 1.44386246115e+21 9.43226733416e+20
446.044725873 1.46562923192e+21 9.06948782131e+20
454.304813389 1.47288482218e+21 8.99693191874e+20
462.564900905 1.4873960027e+21 8.99693191874e+20
470.824988421 1.48014041244e+21 8.92437601617e+20
479.085075937 1.47288482218e+21 8.8518201136e+20
487.345163453 1.47288482218e+21 8.70670830846e+20
495.605250969 1.45837364167e+21 8.77926421103e+20
503.865338486 1.45837364167e+21 8.77926421103e+20
512.125426002 1.45111805141e+21 8.70670830846e+20
520.385513518 1.46562923192e+21 8.56159650332e+20
528.645601034 1.45837364167e+21 8.41648469818e+20
536.90568855 1.45111805141e+21 8.27137289304e+20
545.165776066 1.48014041244e+21 8.27137289304e+20
553.425863582 1.45837364167e+21 8.27137289304e+20
561.685951098 1.45837364167e+21 8.27137289304e+20
569.946038615 1.47288482218e+21 8.27137289304e+20
578.206126131 1.46562923192e+21 8.27137289304e+20
586.466213647 1.45837364167e+21 8.27137289304e+20
594.726301163 1.44386246115e+21 8.27137289304e+20
602.986388679 1.4366068709e+21 8.27137289304e+20
611.246476195 1.45111805141e+21 8.27137289304e+20
619.506563711 1.46562923192e+21 8.19881699047e+20
627.766651228 1.45111805141e+21 8.19881699047e+20
636.026738744 1.45111805141e+21 8.19881699047e+20
644.28682626 1.45111805141e+21 8.19881699047e+20
652.546913776 1.4366068709e+21 8.19881699047e+20
660.807001292 1.41484010012e+21 8.19881699047e+20
669.067088809 1.40758450987e+21 8.19881699047e+20
677.327176325 1.41484010012e+21 8.19881699047e+20
685.587263841 1.41484010012e+21 8.19881699047e+20
693.847351357 1.41484010012e+21 8.19881699047e+20
702.107438874 1.42209569038e+21 8.1262610879e+20
710.36752639 1.4366068709e+21 8.1262610879e+20
718.627613906 1.44386246115e+21 8.1262610879e+20
726.887701422 1.44386246115e+21 8.1262610879e+20
735.147788938 1.44386246115e+21 8.1262610879e+20
743.407876455 1.44386246115e+21 8.1262610879e+20
751.667963971 1.45111805141e+21 8.1262610879e+20
759.928051487 1.45111805141e+21 8.1262610879e+20
768.188139003 1.45111805141e+21 8.1262610879e+20
776.448226519 1.44386246115e+21 8.1262610879e+20
784.708314036 1.50603945458e+21 8.1262610879e+20
792.968401552 1.49152827407e+21 8.1262610879e+20
801.228489068 1.48427268381e+21 8.1262610879e+20
809.488576584 1.47701709356e+21 8.1262610879e+20
817.7486641 1.4697615033e+21 8.1262610879e+20
826.008751617 1.4697615033e+21 8.1262610879e+20
834.268839133 1.4697615033e+21 8.1262610879e+20
842.528926649 1.4697615033e+21 8.1262610879e+20
850.789014165 1.4697615033e+21 8.1262610879e+20
859.049101681 1.47701709356e+21 8.1262610879e+20
867.309189198 1.46250591304e+21 8.1262610879e+20
875.569276714 1.45525032278e+21 8.1262610879e+20
883.82936423 1.42622796176e+21 8.1262610879e+20
892.089451746 1.44073914227e+21 8.1262610879e+20
900.349539262 1.42622796176e+21 8.1262610879e+20
908.609626779 1.41171678124e+21 8.1262610879e+20
916.869714295 1.39720560073e+21 8.1262610879e+20
925.129801811 1.37543882996e+21 8.1262610879e+20
933.389889327 1.37543882996e+21 8.1262610879e+20
941.649976843 1.37543882996e+21 8.05370518533e+20
949.91006436 1.36092764944e+21 8.05370518533e+20
958.170151876 1.35367205919e+21 8.05370518533e+20
966.430239392 1.33916087867e+21 8.05370518533e+20
974.690326908 1.33916087867e+21 8.05370518533e+20
982.950414424 1.33190528842e+21 8.05370518533e+20
991.210501941 1.33190528842e+21 8.05370518533e+20
999.470589457 1.32464969816e+21 8.05370518533e+20
1007.73067697 1.32464969816e+21 8.05370518533e+20
1015.99076449 1.3173941079e+21 8.05370518533e+20
1024.25085201 1.32464969816e+21 8.05370518533e+20
1032.51093952 1.3173941079e+21 8.05370518533e+20
1040.77102704 1.31013851764e+21 8.05370518533e+20
1049.03111455 1.30288292739e+21 8.05370518533e+20
1057.29120207 1.30288292739e+21 8.05370518533e+20
1065.55128959 1.29562733713e+21 8.05370518533e+20
1073.8113771 1.28837174687e+21 8.05370518533e+20
1082.07146462 1.28111615662e+21 8.05370518533e+20
1090.33155214 1.2666049761e+21 8.05370518533e+20
1098.59163965 1.2666049761e+21 8.05370518533e+20
1106.85172717 1.2666049761e+21 8.05370518533e+20
1115.11181468 1.2666049761e+21 8.05370518533e+20
1123.3719022 1.25934938584e+21 8.05370518533e+20
1131.63198972 1.25209379559e+21 8.05370518533e+20
1139.89207723 1.25209379559e+21 8.05370518533e+20
1148.15216475 1.25209379559e+21 8.05370518533e+20
1156.41225226 1.23758261507e+21 8.05370518533e+20
1164.67233978 1.22307143456e+21 8.05370518533e+20
1172.9324273 1.2158158443e+21 8.05370518533e+20
1181.19251481 1.19404907353e+21 8.05370518533e+20
1189.45260233 1.20130466379e+21 8.05370518533e+20
1197.71268985 1.18679348327e+21 8.05370518533e+20
1205.97277736 1.1650267125e+21 8.05370518533e+20
1214.23286488 1.14325994173e+21 8.05370518533e+20
1222.49295239 1.13600435147e+21 8.05370518533e+20
1230.75303991 1.14325994173e+21 8.05370518533e+20
1239.01312743 1.15051553199e+21 8.05370518533e+20
1247.27321494 1.15051553199e+21 8.05370518533e+20
1255.53330246 1.14325994173e+21 8.05370518533e+20
1263.79338997 1.15777112225e+21 8.05370518533e+20
1272.05347749 1.15777112225e+21 8.05370518533e+20
1280.31356501 1.14325994173e+21 8.05370518533e+20
1288.57365252 1.13600435147e+21 8.05370518533e+20
1296.83374004 1.13600435147e+21 8.05370518533e+20
1305.09382756 1.13600435147e+21 8.05370518533e+20
1313.35391507 1.14325994173e+21 8.05370518533e+20
1321.61400259 1.12874876122e+21 8.05370518533e+20
1329.8740901 1.14325994173e+21 8.05370518533e+20
1338.13417762 1.14325994173e+21 8.05370518533e+20
1346.39426514 1.14325994173e+21 8.05370518533e+20
1354.65435265 1.14325994173e+21 8.05370518533e+20
1362.91444017 1.12149317096e+21 8.05370518533e+20
1371.17452768 1.1142375807e+21 8.05370518533e+20
1379.4346152 1.10698199045e+21 8.05370518533e+20
1387.69470272 1.10698199045e+21 8.05370518533e+20
1395.95479023 1.09972640019e+21 8.05370518533e+20
1404.21487775 1.08521521968e+21 8.05370518533e+20
1412.47496526 1.08521521968e+21 8.05370518533e+20
1420.73505278 1.07795962942e+21 8.05370518533e+20
1428.9951403 1.07070403916e+21 8.05370518533e+20
1437.25522781 1.08521521968e+21 8.05370518533e+20
1445.51531533 1.07795962942e+21 8.05370518533e+20
1453.77540284 1.0634484489e+21 8.05370518533e+20
1462.03549036 1.05619285865e+21 8.05370518533e+20
1470.29557788 1.0634484489e+21 8.05370518533e+20
1478.55566539 1.04893726839e+21 8.05370518533e+20
1486.81575291 1.05619285865e+21 8.05370518533e+20
1495.07584042 1.04168167813e+21 8.05370518533e+20
1503.33592794 1.03442608788e+21 8.05370518533e+20
1511.59601546 1.04168167813e+21 8.05370518533e+20
1519.85610297 1.04168167813e+21 8.05370518533e+20
1528.11619049 1.04168167813e+21 8.05370518533e+20
1536.376278 1.03442608788e+21 8.05370518533e+20
1544.63636552 1.02717049762e+21 8.05370518533e+20
1552.89645304 1.02717049762e+21 8.05370518533e+20
1561.15654055 1.02717049762e+21 8.05370518533e+20
1569.41662807 1.01991490736e+21 8.05370518533e+20
1577.67671559 1.01991490736e+21 8.05370518533e+20
1585.9368031 1.0126593171e+21 8.05370518533e+20
1594.19689062 1.01991490736e+21 8.05370518533e+20
1602.45697813 1.01991490736e+21 8.05370518533e+20
1610.71706565 1.01991490736e+21 8.05370518533e+20
1618.97715317 1.01991490736e+21 8.05370518533e+20
1627.23724068 1.01991490736e+21 8.05370518533e+20
1635.4973282 9.98148136591e+20 8.05370518533e+20
1643.75741571 9.83636956077e+20 8.05370518533e+20
1652.01750323 9.83636956077e+20 8.05370518533e+20
1660.27759075 9.83636956077e+20 8.05370518533e+20
1668.53767826 9.83636956077e+20 8.05370518533e+20
1676.79776578 9.90892546334e+20 8.05370518533e+20
1685.05785329 9.69125775563e+20 8.05370518533e+20
1693.31794081 9.7638136582e+20 8.05370518533e+20
1701.57802833 9.7638136582e+20 8.05370518533e+20
1709.83811584 9.69125775563e+20 8.05370518533e+20
1718.09820336 9.61870185306e+20 8.05370518533e+20
1726.35829087 9.69125775563e+20 8.05370518533e+20
1734.61837839 9.61870185306e+20 8.05370518533e+20
1742.87846591 9.54614595049e+20 8.05370518533e+20
1751.13855342 9.47359004791e+20 8.05370518533e+20
1759.39864094 9.40103414534e+20 8.05370518533e+20
1767.65872845 9.40103414534e+20 8.05370518533e+20
1775.91881597 9.32847824277e+20 8.05370518533e+20
1784.17890349 9.2559223402e+20 8.05370518533e+20
1792.438991 9.2559223402e+20 8.05370518533e+20
1800.69907852 9.2559223402e+20 8.05370518533e+20
1808.95916604 9.18336643763e+20 8.05370518533e+20
1817.21925355 9.2559223402e+20 8.05370518533e+20
1825.47934107 9.11081053506e+20 8.05370518533e+20
1833.73942858 9.11081053506e+20 8.05370518533e+20
1841.9995161 9.11081053506e+20 8.05370518533e+20
1850.25960362 9.03825463249e+20 8.05370518533e+20
1858.51969113 9.03825463249e+20 8.05370518533e+20
1866.77977865 8.67547511964e+20 8.05370518533e+20
1875.03986616 8.60291921707e+20 8.05370518533e+20
1883.29995368 8.5303633145e+20 8.05370518533e+20
1891.5600412 8.45780741193e+20 8.05370518533e+20
1899.82012871 8.38525150936e+20 8.05370518533e+20
1908.08021623 8.38525150936e+20 8.05370518533e+20
1916.34030374 8.31269560679e+20 8.05370518533e+20
1924.60039126 8.16758380165e+20 8.05370518533e+20
1932.86047878 8.16758380165e+20 8.05370518533e+20
1941.12056629 8.16758380165e+20 8.05370518533e+20
1949.38065381 8.24013970422e+20 8.05370518533e+20
1957.64074132 8.16758380165e+20 8.05370518533e+20
1965.90082884 8.16758380165e+20 8.05370518533e+20
1974.16091636 8.24013970422e+20 8.05370518533e+20
1982.42100387 8.31269560679e+20 8.05370518533e+20
1990.68109139 8.31269560679e+20 8.05370518533e+20
1998.9411789 8.38525150936e+20 8.05370518533e+20
2007.20126642 8.38525150936e+20 8.05370518533e+20
2015.46135394 8.24013970422e+20 8.05370518533e+20
2023.72144145 8.0224719965e+20 8.05370518533e+20
2031.98152897 7.94991609393e+20 8.05370518533e+20
2040.24161649 7.87736019136e+20 8.05370518533e+20
2048.501704 7.87736019136e+20 8.05370518533e+20
2056.76179152 7.65969248365e+20 8.05370518533e+20
2065.02187903 7.73224838622e+20 8.05370518533e+20
2073.28196655 7.58713658108e+20 8.05370518533e+20
2081.54205407 7.58713658108e+20 8.05370518533e+20
2089.80214158 7.73224838622e+20 8.05370518533e+20
2098.0622291 7.73224838622e+20 8.05370518533e+20
2106.32231661 7.73224838622e+20 8.05370518533e+20
2114.58240413 7.73224838622e+20 8.05370518533e+20
2122.84249165 7.73224838622e+20 8.05370518533e+20
2131.10257916 7.65969248365e+20 8.05370518533e+20
2139.36266668 7.58713658108e+20 8.05370518533e+20
2147.62275419 7.51458067851e+20 8.05370518533e+20
2155.88284171 7.51458067851e+20 8.05370518533e+20
2164.14292923 7.51458067851e+20 8.05370518533e+20
2172.40301674 7.51458067851e+20 8.05370518533e+20
2180.66310426 7.51458067851e+20 8.05370518533e+20
2188.92319177 7.58713658108e+20 8.05370518533e+20
2197.18327929 7.65969248365e+20 8.05370518533e+20
2205.44336681 7.58713658108e+20 8.05370518533e+20
2213.70345432 7.58713658108e+20 8.05370518533e+20
2221.96354184 7.58713658108e+20 8.05370518533e+20
2230.22362935 7.51458067851e+20 8.05370518533e+20
2238.48371687 7.51458067851e+20 8.05370518533e+20
2246.74380439 7.51458067851e+20 8.05370518533e+20
2255.0038919 7.51458067851e+20 8.05370518533e+20
2263.26397942 7.58713658108e+20 8.05370518533e+20
2271.52406693 7.58713658108e+20 8.05370518533e+20
2279.78415445 7.58713658108e+20 8.05370518533e+20
2288.04424197 7.58713658108e+20 8.05370518533e+20
2296.30432948 7.51458067851e+20 8.05370518533e+20
2304.564417 7.51458067851e+20 8.05370518533e+20
2312.82450452 7.51458067851e+20 8.05370518533e+20
2321.08459203 7.51458067851e+20 8.05370518533e+20
2329.34467955 7.51458067851e+20 8.05370518533e+20
2337.60476706 7.65969248365e+20 8.05370518533e+20
2345.86485458 7.65969248365e+20 8.05370518533e+20
2354.1249421 7.65969248365e+20 8.05370518533e+20
2362.38502961 7.58713658108e+20 8.05370518533e+20
2370.64511713 7.51458067851e+20 8.05370518533e+20
2378.90520464 7.51458067851e+20 8.05370518533e+20
2387.16529216 7.51458067851e+20 8.05370518533e+20
2395.42537968 7.65969248365e+20 8.05370518533e+20
2403.68546719 7.65969248365e+20 8.05370518533e+20
2411.94555471 7.58713658108e+20 8.05370518533e+20
2420.20564222 7.65969248365e+20 8.05370518533e+20
2428.46572974 7.58713658108e+20 8.05370518533e+20
2436.72581726 7.51458067851e+20 8.05370518533e+20
2444.98590477 7.51458067851e+20 8.05370518533e+20
2453.24599229 7.51458067851e+20 8.05370518533e+20
2461.5060798 7.44202477594e+20 8.05370518533e+20
2469.76616732 7.44202477594e+20 8.05370518533e+20
2478.02625484 7.2969129708e+20 8.05370518533e+20
2486.28634235 7.2969129708e+20 8.05370518533e+20
2494.54642987 7.2969129708e+20 8.05370518533e+20
2502.80651738 7.22435706823e+20 8.05370518533e+20
2511.0666049 7.22435706823e+20 8.05370518533e+20
2519.32669242 7.22435706823e+20 8.05370518533e+20
2527.58677993 7.22435706823e+20 8.05370518533e+20
2535.84686745 7.2969129708e+20 8.05370518533e+20
2544.10695497 7.36946887337e+20 8.05370518533e+20
2552.36704248 7.36946887337e+20 8.05370518533e+20
2560.62713 7.2969129708e+20 8.05370518533e+20
2568.88721751 7.22435706823e+20 8.05370518533e+20
2577.14730503 7.22435706823e+20 8.05370518533e+20
2585.40739255 7.15180116566e+20 8.05370518533e+20
2593.66748006 7.15180116566e+20 8.05370518533e+20
2601.92756758 7.15180116566e+20 8.05370518533e+20
2610.18765509 7.07924526309e+20 8.05370518533e+20
2618.44774261 7.07924526309e+20 8.05370518533e+20
2626.70783013 7.07924526309e+20 8.05370518533e+20
2634.96791764 7.00668936052e+20 8.05370518533e+20
2643.22800516 6.93413345795e+20 8.05370518533e+20
2651.48809267 6.86157755538e+20 8.05370518533e+20
2659.74818019 7.00668936052e+20 8.05370518533e+20
2668.00826771 7.00668936052e+20 8.05370518533e+20
2676.26835522 7.00668936052e+20 8.05370518533e+20
2684.52844274 6.93413345795e+20 8.05370518533e+20
2692.78853025 7.00668936052e+20 8.05370518533e+20
2701.04861777 7.00668936052e+20 8.05370518533e+20
2709.30870529 7.07924526309e+20 8.05370518533e+20
2717.5687928 7.07924526309e+20 8.05370518533e+20
2725.82888032 7.07924526309e+20 8.05370518533e+20
2734.08896783 7.00668936052e+20 8.05370518533e+20
2742.34905535 6.93413345795e+20 8.05370518533e+20
2750.60914287 6.93413345795e+20 8.05370518533e+20
2758.86923038 6.93413345795e+20 8.05370518533e+20
2767.1293179 6.86157755538e+20 8.05370518533e+20
2775.38940542 6.93413345795e+20 8.05370518533e+20
2783.64949293 6.93413345795e+20 8.05370518533e+20
2791.90958045 6.93413345795e+20 8.05370518533e+20
2800.16966796 6.86157755538e+20 8.05370518533e+20
2808.42975548 6.86157755538e+20 8.05370518533e+20
2816.689843 6.78902165281e+20 8.05370518533e+20
2824.94993051 6.78902165281e+20 8.05370518533e+20
2833.21001803 6.78902165281e+20 8.05370518533e+20
2841.47010554 6.78902165281e+20 8.05370518533e+20
2849.73019306 6.71646575024e+20 8.05370518533e+20
2857.99028058 6.64390984767e+20 8.05370518533e+20
2866.25036809 6.64390984767e+20 8.05370518533e+20
2874.51045561 6.64390984767e+20 8.05370518533e+20
2882.77054312 6.64390984767e+20 8.05370518533e+20
2891.03063064 6.64390984767e+20 8.05370518533e+20
2899.29071816 6.49879804252e+20 8.05370518533e+20
2907.55080567 6.49879804252e+20 8.05370518533e+20
2915.81089319 6.49879804252e+20 8.05370518533e+20
2924.0709807 6.49879804252e+20 8.05370518533e+20
2932.33106822 6.49879804252e+20 8.05370518533e+20
2940.59115574 6.42624213995e+20 8.05370518533e+20
2948.85124325 6.35368623738e+20 8.05370518533e+20
2957.11133077 6.28113033481e+20 8.05370518533e+20
2965.37141828 6.28113033481e+20 8.05370518533e+20
2973.6315058 6.28113033481e+20 8.05370518533e+20
2981.89159332 6.20857443224e+20 8.05370518533e+20
2990.15168083 6.20857443224e+20 8.05370518533e+20
2998.41176835 6.20857443224e+20 8.05370518533e+20
3006.67185586 6.28113033481e+20 8.05370518533e+20
3014.93194338 6.28113033481e+20 8.05370518533e+20
3023.1920309 6.20857443224e+20 8.05370518533e+20
3031.45211841 6.13601852967e+20 8.05370518533e+20
3039.71220593 6.0634626271e+20 8.05370518533e+20
3047.97229345 5.99090672453e+20 8.05370518533e+20
3056.23238096 5.99090672453e+20 8.05370518533e+20
3064.49246848 5.99090672453e+20 8.05370518533e+20
3072.75255599 5.99090672453e+20 8.05370518533e+20
3081.01264351 5.99090672453e+20 8.05370518533e+20
3089.27273103 5.99090672453e+20 8.05370518533e+20
3097.53281854 6.0634626271e+20 8.05370518533e+20
3105.79290606 6.0634626271e+20 8.05370518533e+20
3114.05299357 5.91835082196e+20 8.05370518533e+20
3122.31308109 5.99090672453e+20 8.05370518533e+20
3130.57316861 5.99090672453e+20 8.05370518533e+20
3138.83325612 5.99090672453e+20 8.05370518533e+20
3147.09334364 6.0634626271e+20 8.05370518533e+20
3155.35343115 6.0634626271e+20 8.05370518533e+20
3163.61351867 6.0634626271e+20 8.05370518533e+20
3171.87360619 5.99090672453e+20 8.05370518533e+20
3180.1336937 5.91835082196e+20 8.05370518533e+20
3188.39378122 5.99090672453e+20 8.05370518533e+20
3196.65386873 5.91835082196e+20 8.05370518533e+20
3204.91395625 5.84579491939e+20 8.05370518533e+20
3213.17404377 5.91835082196e+20 8.05370518533e+20
3221.43413128 5.84579491939e+20 8.05370518533e+20
3229.6942188 5.91835082196e+20 8.05370518533e+20
3237.95430631 5.91835082196e+20 8.05370518533e+20
3246.21439383 5.84579491939e+20 8.05370518533e+20
3254.47448135 5.84579491939e+20 8.05370518533e+20
3262.73456886 5.84579491939e+20 8.05370518533e+20
3270.99465638 5.84579491939e+20 8.05370518533e+20
3279.2547439 5.91835082196e+20 8.05370518533e+20
