0.0 0.0 3.38836065004e+21
8.26008751617 0.0 3.38836065004e+21
16.5201750323 0.0 3.38836065004e+21
24.7802625485 0.0 3.38836065004e+21
33.0403500647 0.0 3.38836065004e+21
41.3004375808 0.0 3.38836065004e+21
49.560525097 0.0 3.38836065004e+21
57.8206126132 0.0 3.38836065004e+21
66.0807001293 0.0 3.38836065004e+21
74.3407876455 0.0 3.38836065004e+21
82.6008751617 0.0 3.38836065004e+21
90.8609626779 0.0 3.38836065004e+21
99.121050194 0.0 3.38836065004e+21
107.38113771 0.0 3.38836065004e+21
115.641225226 0.0 3.38836065004e+21
123.901312743 0.0 3.38836065004e+21
132.161400259 0.0 3.38836065004e+21
140.421487775 0.0 3.38836065004e+21
148.681575291 0.0 3.38836065004e+21
156.941662807 0.0 3.38836065004e+21
165.201750323 0.0 3.38836065004e+21
173.46183784 0.0 3.38836065004e+21
181.721925356 0.0 3.38836065004e+21
189.982012872 0.0 3.38836065004e+21
198.242100388 0.0 3.38836065004e+21
206.502187904 0.0 3.38836065004e+21
214.76227542 0.0 3.38836065004e+21
223.022362937 0.0 3.38836065004e+21
231.282450453 0.0 3.38836065004e+21
239.542537969 0.0 3.38836065004e+21
247.802625485 0.0 3.38836065004e+21
256.062713001 0.0 3.38836065004e+21
264.322800517 0.0 3.38836065004e+21
272.582888034 0.0 3.38836065004e+21
280.84297555 0.0 3.38836065004e+21
289.103063066 0.0 3.38836065004e+21
297.363150582 0.0 3.38836065004e+21
305.623238098 0.0 3.38836065004e+21
313.883325614 0.0 3.38836065004e+21
322.143413131 0.0 3.38836065004e+21
330.403500647 0.0 3.38836065004e+21
338.663588163 0.0 3.38836065004e+21
346.923675679 0.0 3.38836065004e+21
355.183763195 0.0 3.38836065004e+21
363.443850711 0.0 3.38836065004e+21
371.703938227 0.0 3.38836065004e+21
379.964025743 0.0 3.38836065004e+21
388.22411326 0.0 3.38836065004e+21
396.484200776 0.0 3.38836065004e+21
404.744288292 0.0 3.38836065004e+21
413.004375808 0.0 3.38836065004e+21
421.264463324 0.0 3.38836065004e+21
429.52455084 0.0 3.38836065004e+21
437.784638356 0.0 3.38836065004e+21
446.044725873 0.0 3.38836065004e+21
454.304813389 0.0 3.38836065004e+21
462.564900905 0.0 3.38836065004e+21
470.824988421 0.0 3.38836065004e+21
479.085075937 0.0 3.38836065004e+21
487.345163453 0.0 3.38836065004e+21
495.605250969 0.0 3.38836065004e+21
503.865338486 0.0 3.38836065004e+21
512.125426002 0.0 3.38836065004e+21
520.385513518 0.0 3.38836065004e+21
528.645601034 0.0 3.38836065004e+21
536.90568855 0.0 3.38836065004e+21
545.165776066 0.0 3.38836065004e+21
553.425863582 0.0 3.38836065004e+21
561.685951098 0.0 3.38836065004e+21
569.946038615 0.0 3.38836065004e+21
578.206126131 0.0 3.38836065004e+21
586.466213647 0.0 3.38836065004e+21
594.726301163 0.0 3.38836065004e+21
602.986388679 0.0 3.38836065004e+21
611.246476195 0.0 3.38836065004e+21
619.506563711 7.25559025705e+18 3.38110505979e+21
627.766651228 1.16089444113e+20 3.22873766439e+21
636.026738744 3.04734790796e+20 3.00381436642e+21
644.28682626 3.26501561567e+20 2.94576964436e+21
652.546913776 3.26501561567e+20 2.93851405411e+21
660.807001292 3.33757151824e+20 2.93125846385e+21
669.067088809 3.26501561567e+20 2.93125846385e+21
677.327176325 3.26501561567e+20 2.92400287359e+21
685.587263841 3.1924597131e+20 2.92400287359e+21
693.847351357 3.1924597131e+20 2.91674728333e+21
702.107438874 3.1924597131e+20 2.90223610282e+21
710.36752639 3.1924597131e+20 2.89498051256e+21
718.627613906 3.1924597131e+20 2.87321374179e+21
726.887701422 3.33757151824e+20 2.85870256128e+21
735.147788938 3.33757151824e+20 2.84419138076e+21
743.407876455 3.33757151824e+20 2.84419138076e+21
751.667963971 3.41012742081e+20 2.84419138076e+21
759.928051487 3.41012742081e+20 2.84419138076e+21
768.188139003 3.55523922595e+20 2.81516901974e+21
776.448226519 3.41012742081e+20 2.80791342948e+21
784.708314036 3.48268332338e+20 2.80065783922e+21
792.968401552 3.48268332338e+20 2.80791342948e+21
801.228489068 3.48268332338e+20 2.80065783922e+21
809.488576584 3.41012742081e+20 2.79340224896e+21
817.7486641 3.48268332338e+20 2.77889106845e+21
826.008751617 3.55523922595e+20 2.77889106845e+21
834.268839133 3.55523922595e+20 2.77889106845e+21
842.528926649 3.77290693367e+20 2.77163547819e+21
850.789014165 3.84546283624e+20 2.77163547819e+21
859.049101681 3.77290693367e+20 2.77163547819e+21
867.309189198 3.77290693367e+20 2.76437988794e+21
875.569276714 3.77290693367e+20 2.76437988794e+21
883.82936423 3.99057464138e+20 2.75712429768e+21
892.089451746 4.13568644652e+20 2.74261311716e+21
900.349539262 4.35335415423e+20 2.72810193665e+21
908.609626779 4.4259100568e+20 2.72810193665e+21
916.869714295 4.4259100568e+20 2.72810193665e+21
925.129801811 4.49846595937e+20 2.72810193665e+21
933.389889327 4.49846595937e+20 2.72810193665e+21
941.649976843 4.49846595937e+20 2.72084634639e+21
949.91006436 4.49846595937e+20 2.72084634639e+21
958.170151876 4.57102186194e+20 2.72084634639e+21
966.430239392 4.64357776451e+20 2.72084634639e+21
974.690326908 4.71613366708e+20 2.72084634639e+21
982.950414424 4.86124547222e+20 2.72084634639e+21
991.210501941 4.86124547222e+20 2.72084634639e+21
999.470589457 4.86124547222e+20 2.72084634639e+21
1007.73067697 4.86124547222e+20 2.72084634639e+21
1015.99076449 4.86124547222e+20 2.72084634639e+21
1024.25085201 4.93380137479e+20 2.72084634639e+21
1032.51093952 4.93380137479e+20 2.72084634639e+21
1040.77102704 4.93380137479e+20 2.72084634639e+21
1049.03111455 4.93380137479e+20 2.72084634639e+21
1057.29120207 4.86124547222e+20 2.72810193665e+21
1065.55128959 4.86124547222e+20 2.72810193665e+21
1073.8113771 4.86124547222e+20 2.72810193665e+21
1082.07146462 4.86124547222e+20 2.72810193665e+21
1090.33155214 4.93380137479e+20 2.72810193665e+21
1098.59163965 4.93380137479e+20 2.72810193665e+21
1106.85172717 5.00635727736e+20 2.72810193665e+21
1115.11181468 4.93380137479e+20 2.72810193665e+21
1123.3719022 4.93380137479e+20 2.72810193665e+21
1131.63198972 5.00635727736e+20 2.72810193665e+21
1139.89207723 5.07891317993e+20 2.72084634639e+21
1148.15216475 5.00635727736e+20 2.72084634639e+21
1156.41225226 5.07891317993e+20 2.72084634639e+21
1164.67233978 5.07891317993e+20 2.72084634639e+21
1172.9324273 5.48301540654e+20 2.72084634639e+21
1181.19251481 5.48301540654e+20 2.72084634639e+21
1189.45260233 5.62812721168e+20 2.71359075614e+21
1197.71268985 5.62812721168e+20 2.71359075614e+21
1205.97277736 5.62812721168e+20 2.71359075614e+21
1214.23286488 5.70068311425e+20 2.71359075614e+21
1222.49295239 5.77323901682e+20 2.71359075614e+21
1230.75303991 5.70068311425e+20 2.71359075614e+21
1239.01312743 5.70068311425e+20 2.71359075614e+21
1247.27321494 5.70068311425e+20 2.71359075614e+21
1255.53330246 5.70068311425e+20 2.71359075614e+21
1263.79338997 5.62812721168e+20 2.72084634639e+21
1272.05347749 5.62812721168e+20 2.72084634639e+21
1280.31356501 5.62812721168e+20 2.72084634639e+21
1288.57365252 5.15146908251e+20 2.72084634639e+21
1296.83374004 5.15146908251e+20 2.72084634639e+21
1305.09382756 5.15146908251e+20 2.72084634639e+21
1313.35391507 5.22402498508e+20 2.72084634639e+21
1321.61400259 5.22402498508e+20 2.72084634639e+21
1329.8740901 5.15146908251e+20 2.72084634639e+21
1338.13417762 5.15146908251e+20 2.72084634639e+21
1346.39426514 5.15146908251e+20 2.72084634639e+21
1354.65435265 5.15146908251e+20 2.72084634639e+21
1362.91444017 5.15146908251e+20 2.72084634639e+21
1371.17452768 5.07891317993e+20 2.72084634639e+21
1379.4346152 5.07891317993e+20 2.72084634639e+21
1387.69470272 5.00635727736e+20 2.72084634639e+21
1395.95479023 5.07891317993e+20 2.72084634639e+21
1404.21487775 5.15146908251e+20 2.72084634639e+21
1412.47496526 5.15146908251e+20 2.72084634639e+21
1420.73505278 5.15146908251e+20 2.72084634639e+21
1428.9951403 5.15146908251e+20 2.72084634639e+21
1437.25522781 5.15146908251e+20 2.72084634639e+21
1445.51531533 5.15146908251e+20 2.72084634639e+21
1453.77540284 5.15146908251e+20 2.72084634639e+21
1462.03549036 5.55557130911e+20 2.72084634639e+21
1470.29557788 5.55557130911e+20 2.72084634639e+21
1478.55566539 5.55557130911e+20 2.72084634639e+21
1486.81575291 5.62812721168e+20 2.72084634639e+21
1495.07584042 5.62812721168e+20 2.72084634639e+21
1503.33592794 5.62812721168e+20 2.72084634639e+21
1511.59601546 5.62812721168e+20 2.72084634639e+21
1519.85610297 5.62812721168e+20 2.72084634639e+21
1528.11619049 5.62812721168e+20 2.72084634639e+21
1536.376278 5.62812721168e+20 2.72084634639e+21
1544.63636552 5.62812721168e+20 2.72084634639e+21
1552.89645304 5.62812721168e+20 2.72084634639e+21
1561.15654055 5.55557130911e+20 2.72084634639e+21
1569.41662807 5.55557130911e+20 2.72084634639e+21
1577.67671559 5.48301540654e+20 2.72084634639e+21
1585.9368031 5.48301540654e+20 2.72084634639e+21
1594.19689062 5.48301540654e+20 2.72084634639e+21
1602.45697813 5.48301540654e+20 2.72084634639e+21
1610.71706565 5.48301540654e+20 2.72084634639e+21
1618.97715317 5.48301540654e+20 2.72084634639e+21
1627.23724068 5.48301540654e+20 2.72084634639e+21
1635.4973282 5.41045950397e+20 2.72084634639e+21
1643.75741571 5.41045950397e+20 2.72084634639e+21
1652.01750323 5.41045950397e+20 2.72084634639e+21
1660.27759075 5.41045950397e+20 2.72084634639e+21
1668.53767826 5.41045950397e+20 2.72084634639e+21
1676.79776578 5.41045950397e+20 2.72084634639e+21
1685.05785329 5.41045950397e+20 2.72084634639e+21
1693.31794081 5.41045950397e+20 2.72084634639e+21
1701.57802833 5.41045950397e+20 2.72084634639e+21
1709.83811584 5.41045950397e+20 2.72084634639e+21
1718.09820336 5.41045950397e+20 2.72084634639e+21
1726.35829087 5.3379036014e+20 2.72084634639e+21
1734.61837839 5.3379036014e+20 2.72084634639e+21
1742.87846591 5.3379036014e+20 2.72084634639e+21
1751.13855342 5.3379036014e+20 2.72084634639e+21
1759.39864094 5.3379036014e+20 2.72084634639e+21
1767.65872845 5.3379036014e+20 2.72084634639e+21
1775.91881597 5.3379036014e+20 2.72084634639e+21
1784.17890349 5.3379036014e+20 2.72084634639e+21
1792.438991 4.93380137479e+20 2.72084634639e+21
1800.69907852 4.93380137479e+20 2.72084634639e+21
1808.95916604 5.00635727736e+20 2.72084634639e+21
1817.21925355 4.93380137479e+20 2.72084634639e+21
1825.47934107 4.93380137479e+20 2.72084634639e+21
1833.73942858 4.93380137479e+20 2.72084634639e+21
1841.9995161 4.93380137479e+20 2.72084634639e+21
1850.25960362 4.93380137479e+20 2.72084634639e+21
1858.51969113 4.93380137479e+20 2.72084634639e+21
1866.77977865 4.93380137479e+20 2.72084634639e+21
1875.03986616 4.93380137479e+20 2.72084634639e+21
1883.29995368 4.93380137479e+20 2.72084634639e+21
1891.5600412 4.93380137479e+20 2.72084634639e+21
1899.82012871 4.86124547222e+20 2.72084634639e+21
1908.08021623 4.78868956965e+20 2.72084634639e+21
1916.34030374 4.78868956965e+20 2.72084634639e+21
1924.60039126 4.71613366708e+20 2.72084634639e+21
1932.86047878 4.64357776451e+20 2.72084634639e+21
1941.12056629 4.57102186194e+20 2.72084634639e+21
1949.38065381 4.57102186194e+20 2.72084634639e+21
1957.64074132 4.57102186194e+20 2.72084634639e+21
1965.90082884 4.64357776451e+20 2.72084634639e+21
1974.16091636 4.57102186194e+20 2.72084634639e+21
1982.42100387 4.57102186194e+20 2.72084634639e+21
1990.68109139 4.64357776451e+20 2.72084634639e+21
1998.9411789 4.57102186194e+20 2.72084634639e+21
2007.20126642 4.57102186194e+20 2.72084634639e+21
2015.46135394 4.49846595937e+20 2.72084634639e+21
2023.72144145 4.49846595937e+20 2.72084634639e+21
2031.98152897 4.49846595937e+20 2.72084634639e+21
