0.0 0.0 3.38836065004e+21
8.26008751617 0.0 3.38836065004e+21
16.5201750323 0.0 3.38836065004e+21
24.7802625485 0.0 3.38836065004e+21
33.0403500647 0.0 3.38836065004e+21
41.3004375808 0.0 3.38836065004e+21
49.560525097 2.90223610282e+19 3.35208269876e+21
57.8206126132 5.80447220564e+20 2.77163547819e+21
66.0807001293 5.73191630307e+20 2.75712429768e+21
74.3407876455 6.45747532877e+20 2.64829044382e+21
82.6008751617 8.27137289304e+20 2.39434478483e+21
90.8609626779 1.11736089959e+21 2.03156527197e+21
99.121050194 1.20442798267e+21 1.89370905709e+21
107.38113771 1.4873960027e+21 1.50916277347e+21
115.641225226 1.64701898835e+21 1.31326183653e+21
123.901312743 1.74859725195e+21 1.13912767036e+21
132.161400259 1.82115315452e+21 1.00852704573e+21
140.421487775 1.87919787658e+21 8.77926421103e+20
148.681575291 1.93724259863e+21 7.40070206219e+20
156.941662807 2.0097985012e+21 5.87702810821e+20
165.201750323 2.06784322326e+21 5.00635727736e+20
173.46183784 2.08235440377e+21 3.99057464138e+20
181.721925356 2.1113767648e+21 3.48268332338e+20
189.982012872 2.1113767648e+21 3.11990381053e+20
198.242100388 2.14039912583e+21 2.82968020025e+20
206.502187904 2.14765471609e+21 2.53945658997e+20
214.76227542 2.16942148686e+21 2.32178888226e+20
223.022362937 2.19118825763e+21 2.17667707711e+20
231.282450453 2.20569943814e+21 1.9590093694e+20
239.542537969 2.22021061866e+21 1.88645346683e+20
247.802625485 2.23472179917e+21 1.81389756426e+20
256.062713001 2.25648856994e+21 1.81389756426e+20
264.322800517 2.2637441602e+21 1.81389756426e+20
272.582888034 2.27825534071e+21 1.74134166169e+20
280.84297555 2.27825534071e+21 1.59622985655e+20
289.103063066 2.314533292e+21 1.45111805141e+20
297.363150582 2.314533292e+21 1.30600624627e+20
305.623238098 2.30727770174e+21 1.30600624627e+20
313.883325614 2.314533292e+21 1.30600624627e+20
322.143413131 2.314533292e+21 1.30600624627e+20
330.403500647 2.30727770174e+21 1.30600624627e+20
338.663588163 2.30727770174e+21 1.2334503437e+20
346.923675679 2.29276652123e+21 1.2334503437e+20
355.183763195 2.29276652123e+21 1.2334503437e+20
363.443850711 2.30002211148e+21 1.2334503437e+20
371.703938227 2.30002211148e+21 1.2334503437e+20
379.964025743 2.30002211148e+21 1.2334503437e+20
388.22411326 2.28551093097e+21 1.2334503437e+20
396.484200776 2.27099975046e+21 1.16089444113e+20
404.744288292 2.28551093097e+21 1.08833853856e+20
413.004375808 2.30002211148e+21 1.08833853856e+20
421.264463324 2.29276652123e+21 9.43226733416e+19
429.52455084 2.27825534071e+21 9.43226733416e+19
437.784638356 2.29276652123e+21 9.43226733416e+19
446.044725873 2.29276652123e+21 9.43226733416e+19
454.304813389 2.28551093097e+21 8.70670830846e+19
462.564900905 2.28551093097e+21 8.70670830846e+19
470.824988421 2.24923297969e+21 8.70670830846e+19
479.085075937 2.24923297969e+21 8.70670830846e+19
487.345163453 2.22746620891e+21 7.98114928275e+19
495.605250969 2.22021061866e+21 7.25559025705e+19
503.865338486 2.19844384789e+21 7.25559025705e+19
512.125426002 2.1621658966e+21 7.25559025705e+19
520.385513518 2.15491030634e+21 7.25559025705e+19
528.645601034 2.12588794532e+21 7.25559025705e+19
536.90568855 2.11863235506e+21 7.25559025705e+19
545.165776066 2.1113767648e+21 6.53003123134e+19
553.425863582 2.10412117454e+21 6.53003123134e+19
561.685951098 2.10412117454e+21 6.53003123134e+19
569.946038615 2.08960999403e+21 6.53003123134e+19
578.206126131 2.08235440377e+21 6.53003123134e+19
586.466213647 2.06784322326e+21 6.53003123134e+19
594.726301163 2.060587633e+21 6.53003123134e+19
602.986388679 2.04607645249e+21 6.53003123134e+19
611.246476195 2.03882086223e+21 6.53003123134e+19
619.506563711 2.03882086223e+21 6.53003123134e+19
627.766651228 2.0097985012e+21 6.53003123134e+19
636.026738744 2.02430968172e+21 6.53003123134e+19
644.28682626 1.98077614017e+21 6.53003123134e+19
652.546913776 1.95175377915e+21 6.53003123134e+19
660.807001292 1.91547582786e+21 6.53003123134e+19
669.067088809 1.88645346683e+21 6.53003123134e+19
677.327176325 1.88645346683e+21 6.53003123134e+19
685.587263841 1.86468669606e+21 6.53003123134e+19
693.847351357 1.85017551555e+21 6.53003123134e+19
702.107438874 1.82840874478e+21 6.53003123134e+19
710.36752639 1.81389756426e+21 6.53003123134e+19
718.627613906 1.78487520323e+21 6.53003123134e+19
726.887701422 1.77036402272e+21 6.53003123134e+19
735.147788938 1.75585284221e+21 6.53003123134e+19
743.407876455 1.75585284221e+21 6.53003123134e+19
751.667963971 1.73408607143e+21 6.53003123134e+19
759.928051487 1.70506371041e+21 6.53003123134e+19
768.188139003 1.71231930066e+21 6.53003123134e+19
776.448226519 1.69780812015e+21 6.53003123134e+19
784.708314036 1.69055252989e+21 6.53003123134e+19
792.968401552 1.70506371041e+21 6.53003123134e+19
801.228489068 1.68329693964e+21 6.53003123134e+19
809.488576584 1.67604134938e+21 6.53003123134e+19
817.7486641 1.65427457861e+21 6.53003123134e+19
826.008751617 1.66153016886e+21 6.53003123134e+19
834.268839133 1.63250780784e+21 6.53003123134e+19
842.528926649 1.63976339809e+21 6.53003123134e+19
850.789014165 1.61074103707e+21 6.53003123134e+19
859.049101681 1.61074103707e+21 6.53003123134e+19
867.309189198 1.61074103707e+21 6.53003123134e+19
875.569276714 1.61074103707e+21 6.53003123134e+19
883.82936423 1.60348544681e+21 6.53003123134e+19
892.089451746 1.55995190527e+21 6.53003123134e+19
900.349539262 1.55995190527e+21 6.53003123134e+19
908.609626779 1.55995190527e+21 6.53003123134e+19
916.869714295 1.54544072475e+21 6.53003123134e+19
925.129801811 1.52367395398e+21 6.53003123134e+19
933.389889327 1.51641836372e+21 6.53003123134e+19
941.649976843 1.50190718321e+21 6.53003123134e+19
949.91006436 1.49465159295e+21 6.53003123134e+19
958.170151876 1.47288482218e+21 6.53003123134e+19
966.430239392 1.45111805141e+21 6.53003123134e+19
974.690326908 1.42209569038e+21 6.53003123134e+19
982.950414424 1.41484010012e+21 6.53003123134e+19
991.210501941 1.40758450987e+21 6.53003123134e+19
999.470589457 1.3858177391e+21 6.53003123134e+19
1007.73067697 1.3858177391e+21 6.53003123134e+19
1015.99076449 1.3858177391e+21 6.53003123134e+19
1024.25085201 1.37856214884e+21 6.53003123134e+19
1032.51093952 1.37856214884e+21 6.53003123134e+19
1040.77102704 1.36405096833e+21 6.53003123134e+19
1049.03111455 1.35679537807e+21 6.53003123134e+19
1057.29120207 1.34953978781e+21 6.53003123134e+19
1065.55128959 1.3350286073e+21 6.53003123134e+19
1073.8113771 1.32051742678e+21 6.53003123134e+19
1082.07146462 1.30600624627e+21 6.53003123134e+19
1090.33155214 1.30600624627e+21 6.53003123134e+19
1098.59163965 1.29149506575e+21 6.53003123134e+19
1106.85172717 1.2842394755e+21 6.53003123134e+19
1115.11181468 1.2842394755e+21 6.53003123134e+19
1123.3719022 1.2842394755e+21 6.53003123134e+19
1131.63198972 1.26247270473e+21 6.53003123134e+19
1139.89207723 1.26972829498e+21 6.53003123134e+19
1148.15216475 1.26247270473e+21 6.53003123134e+19
1156.41225226 1.26247270473e+21 6.53003123134e+19
1164.67233978 1.26247270473e+21 6.53003123134e+19
1172.9324273 1.25521711447e+21 6.53003123134e+19
1181.19251481 1.26247270473e+21 6.53003123134e+19
1189.45260233 1.26972829498e+21 6.53003123134e+19
1197.71268985 1.26247270473e+21 6.53003123134e+19
1205.97277736 1.24796152421e+21 6.53003123134e+19
1214.23286488 1.24796152421e+21 6.53003123134e+19
1222.49295239 1.22619475344e+21 6.53003123134e+19
1230.75303991 1.2334503437e+21 6.53003123134e+19
1239.01312743 1.21168357293e+21 6.53003123134e+19
1247.27321494 1.20442798267e+21 6.53003123134e+19
1255.53330246 1.1826612119e+21 6.53003123134e+19
1263.79338997 1.16089444113e+21 6.53003123134e+19
1272.05347749 1.14638326061e+21 6.53003123134e+19
1280.31356501 1.1318720801e+21 6.53003123134e+19
1288.57365252 1.11736089959e+21 6.53003123134e+19
1296.83374004 1.11010530933e+21 6.53003123134e+19
1305.09382756 1.11010530933e+21 6.53003123134e+19
1313.35391507 1.09559412881e+21 6.53003123134e+19
1321.61400259 1.11010530933e+21 6.53003123134e+19
1329.8740901 1.11010530933e+21 6.53003123134e+19
1338.13417762 1.10284971907e+21 6.53003123134e+19
1346.39426514 1.09559412881e+21 6.53003123134e+19
1354.65435265 1.08833853856e+21 6.53003123134e+19
1362.91444017 1.08833853856e+21 6.53003123134e+19
1371.17452768 1.08833853856e+21 6.53003123134e+19
1379.4346152 1.0810829483e+21 6.53003123134e+19
1387.69470272 1.05931617753e+21 6.53003123134e+19
1395.95479023 1.03754940676e+21 6.53003123134e+19
1404.21487775 1.02303822624e+21 6.53003123134e+19
1412.47496526 1.02303822624e+21 6.53003123134e+19
1420.73505278 1.02303822624e+21 6.53003123134e+19
1428.9951403 1.03754940676e+21 6.53003123134e+19
1437.25522781 1.0302938165e+21 6.53003123134e+19
1445.51531533 1.01578263599e+21 6.53003123134e+19
1453.77540284 1.00852704573e+21 6.53003123134e+19
1462.03549036 1.01578263599e+21 6.53003123134e+19
1470.29557788 1.02303822624e+21 6.53003123134e+19
1478.55566539 1.01578263599e+21 6.53003123134e+19
1486.81575291 1.00852704573e+21 6.53003123134e+19
1495.07584042 9.94015865216e+20 6.53003123134e+19
1503.33592794 9.79504684702e+20 6.53003123134e+19
1511.59601546 9.72249094445e+20 6.53003123134e+19
1519.85610297 9.72249094445e+20 6.53003123134e+19
1528.11619049 9.79504684702e+20 6.53003123134e+19
1536.376278 9.72249094445e+20 6.53003123134e+19
1544.63636552 9.72249094445e+20 6.53003123134e+19
1552.89645304 9.57737913931e+20 6.53003123134e+19
1561.15654055 9.50482323673e+20 6.53003123134e+19
1569.41662807 9.43226733416e+20 6.53003123134e+19
1577.67671559 9.57737913931e+20 6.53003123134e+19
1585.9368031 9.57737913931e+20 6.53003123134e+19
1594.19689062 9.50482323673e+20 6.53003123134e+19
1602.45697813 9.50482323673e+20 6.53003123134e+19
1610.71706565 9.43226733416e+20 6.53003123134e+19
1618.97715317 9.43226733416e+20 6.53003123134e+19
1627.23724068 9.21459962645e+20 6.53003123134e+19
1635.4973282 8.99693191874e+20 6.53003123134e+19
1643.75741571 8.92437601617e+20 6.53003123134e+19
1652.01750323 8.92437601617e+20 6.53003123134e+19
1660.27759075 8.77926421103e+20 6.53003123134e+19
1668.53767826 8.8518201136e+20 6.53003123134e+19
1676.79776578 8.8518201136e+20 6.53003123134e+19
1685.05785329 8.8518201136e+20 6.53003123134e+19
1693.31794081 8.8518201136e+20 6.53003123134e+19
1701.57802833 8.8518201136e+20 6.53003123134e+19
1709.83811584 8.8518201136e+20 6.53003123134e+19
1718.09820336 8.92437601617e+20 6.53003123134e+19
1726.35829087 8.99693191874e+20 6.53003123134e+19
1734.61837839 8.92437601617e+20 6.53003123134e+19
1742.87846591 8.77926421103e+20 6.53003123134e+19
1751.13855342 8.56159650332e+20 6.53003123134e+19
1759.39864094 8.63415240589e+20 6.53003123134e+19
1767.65872845 8.77926421103e+20 6.53003123134e+19
